11 2 5
y 0.5508727750269602 0.5506018435842657 2.799175447478219 1.145567742875358 0.001676374674740058 
y 0.8042130286356591 0.8041320935443257 0.139810702132367 0.8194285691226202 -0.008474484676611308 
y 0.6452122518301078 0.6050053162371847 4.615089947973064 0.102266723211698 -0.2144175113176321 
y 0.3541598308995643 0.2764075547682543 4.9442234210204 0.07662045143272785 -0.2093848590630434 
y 0.5953754113832022 0.5503968209903675 5.436242956583577 0.00735863615667473 -0.2141078249690195 
y 0.5347898772455442 0.4907326834384096 4.18451113057196 0.008389628456927534 -0.2120113306453385 
y 0.6621688020430744 0.6159884659936362 3.953551661369927 0.09638968237465748 -0.2115248444439098 
y 0.5676140283759236 0.5207146589443814 0.1550641506041738 0.07236485815558726 -0.2065010322557918 
y 0.7154297440341025 0.6818891420508876 3.543262707013072 0.147614492216345 -0.1912827376614918 
y 0.7154297440341025 0.6818891420508876 3.543262707013072 0.147614492216345 -0.1912827376614918 
y 0.6395709232746283 0.5847133277253692 4.539845924478454 0.02804614053489467 -0.2373802309366675 
y 0.4742537529112477 0.4020293874469913 4.449503375536167 0.03109722532600911 -0.2510415303545099 
n
n
y 0.665188702331348 0.631595036184246 4.652610706482929 0.0362705121726983 -0.1772944310849363 
y 0.665188702331348 0.631595036184246 4.652610706482929 0.0362705121726983 -0.1772944310849363 
y 0.5982204336259099 0.5609826441440317 3.948969006538391 0.02965221911047896 -0.1836073390311665 
y 0.5982204336259099 0.5609826441440317 3.948969006538391 0.02965221911047896 -0.1836073390311665 
n
n
y 0.5614345779021581 0.5162889217336972 4.622326532999675 0.1005146412799756 -0.1673616220553716 
y 0.5614345779021581 0.5162889217336972 4.622326532999675 0.1005146412799756 -0.1673616220553716 
y 0.4589202354014735 0.3996220060107465 1.661557912480343 13.88733025893408 0.2015856835374459 
y 0.4307729522639325 0.3459985192486518 1.793350621071284 32.85333394951774 0.2435972884271569 
y 0.4573000252246857 0.4572144091129303 3.765009061992169 1.187643501162529 0 
y 0.4573000252246857 0.4572144091129303 3.765009061992169 1.187643501162529 0 
y 0.3516867460476352 0.3515883988579434 5.574263955615365 0.1169079425454998 -0.0005134644235606685 
y 0.2930968806579808 0.2930649186070658 0.2713651412642467 0.110865611698257 8.353750136155429e-05 
y 0.4183093350035773 0.4180321109357494 2.514412132954124 0.4426821398839727 -0.01148342950352475 
y 0.7040927308757683 0.7037285523547731 3.341672326715231 2.00220054683912 0.003010502617028918 
y 0.6816494822502136 0.6807046109437943 3.017545702457428 2.318672330379486 0.02450537264347076 
y 0.6408980488777161 0.6301738023757935 3.40203857421875 14.4821310043335 0.1167531460523605 
n
n
n
n
y 0.5302569402825338 0.5292533467694293 2.599284734621511 0.4714169311463888 0.02953229515194034 
y 0.8493260438590714 0.8489129661068761 4.42237163887931 0.3949919909935609 0.02638867221430282 
y 0.509280034086921 0.5078278238123114 3.859915018081665 0.6375614377585325 0.03543731824240901 
y 0.509280034086921 0.5078278238123114 3.859915018081665 0.6375614377585325 0.03543731824240901 
n
n
y 0.5214890129864216 0.518659446388483 4.234962165355682 0.7448451444506645 0.04883639886975288 
y 0.2156789898872375 0.2126533091068268 2.144600391387939 0.4794342815876007 0.03599999845027924 
y 1.011129604640786 0.9843446903004317 2.752795986914706 206.2270780342528 0.2223000672077609 
y 0.5118791143201908 0.4638155568404694 2.088694061858917 163.0992719713258 0.2123188321476257 
y 0.2861978656239895 0.2861259367907277 2.980272492303468 10.84481812154821 8.055478440556967e-07 
y 0.4758966288257045 0.4757888710851811 2.608538653019887 9.212254242164949 0.001354099077771559 
y 0.4699902484814326 0.4699020187060038 3.945307868222395 1.046027412017186 0 
y 0.4699902484814326 0.4699020187060038 3.945307868222395 1.046027412017186 0 
y 0.7157684979128297 0.7155231933815861 2.889066673445148 6.327607431770419 -0.01345891664551862 
y 0.807074985193592 0.8066763640371746 2.876299379880328 25.95764168788051 0.01750707543219694 
y 0.9294349039378373 0.9286547063485435 2.875091646028602 28.3945137936136 0.03061758216632449 
y 0.8204790353775024 0.8096327781677246 3.169771909713745 217.488525390625 0.132968544960022 
y 0.6247260371843973 0.624642938375473 3.070074558258057 6.625239849090576 -0.005580811140437921 
y 0.3535420298576355 0.3531477004289627 3.336918592453003 3.045524994532267 -0.01597398457427819 
n
n
y 0.5774569981457541 0.5764275837254538 5.090269305147634 3.52007911816938 0.02911692619012509 
y 0.3238825286358992 0.3219578708157771 1.159535738970398 4.347532951791725 0.03168248100081773 
y 0.2418837723646222 0.2388909340267819 5.00714870082161 3.517431507608223 0.0350153106473317 
y 0.7998467446475028 0.7989135741299971 2.96798789802573 4.671458200475901 0.03713828207799453 
n
n
y 0.4061924318472544 0.4046591718991597 2.909493923187256 5.478295644124349 0.03525252143541972 
y 0.62184605995814 0.616392582654953 3.870494445164998 13.20281537373861 0.07886216789484024 
y 0.8619832113111041 0.8358821278005221 1.728850599842071 12.76070688831587 0.2048353823726267 
y 0.4128808998863698 0.343553070210284 3.279180138504213 31.62573283745363 0.2180958648346561 
y 0.6233637699085038 0.6230241545453304 3.950851674850394 1.58385782052831 0.001083787314866374 
y 0.6233637699085038 0.6230241545453304 3.950851674850394 1.58385782052831 0.001083787314866374 
y 0.8546828497404456 0.8544020189486022 5.946493702838806 0.05104096379486203 -0.01252249125851259 
y 0.7122583144604394 0.7119159138673959 2.5900172763986 0.1740618457345583 0.003643339671925528 
y 0.6096056976425192 0.6092238396562177 2.959336191906397 0.8788657963665045 -0.01213605280970228 
y 0.7517137479995996 0.7510301085088661 1.79846077423327 3.049113441257679 0.02655989976577915 
y 1.090503822202407 1.090164068828509 3.295682261741447 1.474767457509425 0.02124703630914845 
y 0.4089091201642389 0.4070574422798006 3.161063203650498 2.117224776373449 0.01840223341638401 
y 0.2197860926389694 0.2197041660547256 0.213184729218483 1.106299877166748 -0.00599999912083149 
y 0.6415295849243799 0.6407664318879445 4.612382292747498 0.5482119309405485 -0.02473421720787883 
n
n
y 0.4173069453137737 0.4167130148614094 4.049789104643453 0.2791603152864716 0.02225000049194834 
y 0.6790582736707104 0.677255794398491 3.06554230049634 0.6823546814134118 0.03180567464432901 
y 0.5049406343639784 0.5018451409221815 3.245421001461094 0.8581513011430318 0.04747145371781862 
y 0.8778257630671519 0.8773862440288734 4.261429580483461 0.1615537650240263 0.01204023812720101 
n
n
y 0.3321638185865535 0.3279311660735642 4.046807901017108 1.232977664663019 0.05275747161526758 
y 0.5808678584124375 0.5790630587242863 4.430079492385257 0.5688944937144863 0.04279726098951488 
y 0.7320554446852332 0.7059251122335083 0.5230977420037647 15.91029211965866 0.1884451329602554 
y 0.7020758143000266 0.6625832094081491 3.050781222332562 10.64749040479132 0.1935619302554482 
y 0.86124641220981 0.8603313356218685 6.015648180060877 0.4132016560181536 -0.03504673075780037 
y 0.4995970963248552 0.4978716926704941 1.50745316028014 1.456552390545589 -0.02108621850264096 
y 1.15503039482447 1.154231101597464 5.992317392099069 0.03103624807132325 -0.0395136048599067 
y 0.6958091775504365 0.6942110627778635 1.363796091662016 0.08457221504750165 -0.03027192561634535 
y 0.4255863148675739 0.4231726542190984 5.543960419553643 0.382003572619081 -0.03395610381015467 
y 0.697329211168672 0.6963648219287266 1.629299375930482 1.276075476221886 -0.01320758018634737 
y 0.5117498785257339 0.508952389160792 3.852508038282394 2.141864047696193 0 
y 0.5117498785257339 0.508952389160792 3.852508038282394 2.141864047696193 0 
n
n
n
n
y 0.9537076618936327 0.9534575343132019 2.132559514707989 0.4383791320853763 0.01553593306905693 
y 0.9537076618936327 0.9534575343132019 2.132559514707989 0.4383791320853763 0.01553593306905693 
n
n
n
n
n
n
y 0.598477978259325 0.5393035188317299 1.375796817243099 43.26663136482239 0.2407760247588158 
y 0.598477978259325 0.5393035188317299 1.375796817243099 43.26663136482239 0.2407760247588158 
n
n
y 0.4712124615907669 0.4708983562886715 0.146607566253806 0.2859351672232151 0.01473048841580749 
y 0.5249771773815155 0.5248892456293106 6.175682067871094 0.1547816917300224 0.002871216740459204 
y 0.5812805145978928 0.5806146796260561 1.739930776613099 4.776596997465406 0.02205790033830064 
y 0.5812805145978928 0.5806146796260561 1.739930776613099 4.776596997465406 0.02205790033830064 
n
n
n
n
n
n
n
n
n
n
n
n
n
n
n
n
n
n
n
n
n
n
n
n
n
n
n
n
n
n
n
n
n
n
n
n
y 0.665188702331348 0.631595036184246 2.082216707142917 37.29696460203691 0.1772944310849363 
y 0.665188702331348 0.631595036184246 2.082216707142917 37.29696460203691 0.1772944310849363 
y 0.5662383563243426 0.5653013552610691 2.804874187621933 3.019792659924581 -0.02917778885994966 
y 0.5662383563243426 0.5653013552610691 2.804874187621933 3.019792659924581 -0.02917778885994966 
y 0.4151695215702057 0.4135671520233155 3.20292119152844 0.3002276811003685 -0.03075887940824032 
y 0.4151695215702057 0.4135671520233155 3.20292119152844 0.3002276811003685 -0.03075887940824032 
y 0.6641018299119813 0.6623684069940022 2.493463527411222 3.50462509904589 -0.03125966441418444 
y 0.6641018299119813 0.6623684069940022 2.493463527411222 3.50462509904589 -0.03125966441418444 
y 0.9537076618936327 0.9534575343132019 3.179757065243191 3.593466679255167 -0.01553593306905693 
y 0.9537076618936327 0.9534575343132019 3.179757065243191 3.593466679255167 -0.01553593306905693 
n
n
n
n
n
n
n
n
n
n
y 0.7181805769602457 0.7151543100674946 3.782619873682658 3.899141947428385 0.05219550058245659 
y 0.46214409917593 0.4620245881378651 3.918788433074951 1.055616557598114 0.009962338022887707 
y 0.6518899063269452 0.6208923277510034 1.321935528579273 57.29484035143151 0.1966032629482425 
y 0.5732579426971717 0.5331177358764726 0.5680470809250289 36.28564302085661 0.1775627364561104 
y 0.509280034086921 0.5078278238123114 3.574315672571009 2.253443105654283 -0.03543731824240901 
y 0.509280034086921 0.5078278238123114 3.574315672571009 2.253443105654283 -0.03543731824240901 
y 0.6283152023187051 0.6267488392499777 4.319859044796501 0.270688269000787 -0.0364856284398299 
y 0.6283152023187051 0.6267488392499777 4.319859044796501 0.270688269000787 -0.0364856284398299 
y 0.6913831168785691 0.6896156100556254 2.575327811646275 4.320102084428072 -0.02975585369858891 
y 0.6913831168785691 0.6896156100556254 2.575327811646275 4.320102084428072 -0.02975585369858891 
n
n
n
n
n
n
n
n
n
n
n
n
n
n
n
n
n
n
n
n
n
n
n
n
n
n
n
n
n
n
n
n
n
n
n
n
y 0.5614345779021581 0.5162889217336972 1.480733942985535 34.8309518178304 0.1673616220553716 
y 0.5614345779021581 0.5162889217336972 1.480733942985535 34.8309518178304 0.1673616220553716 
y 0.4875101215309567 0.484658764468299 2.955502195490731 2.963248133659363 -0.04741013215647803 
y 0.4875101215309567 0.484658764468299 2.955502195490731 2.963248133659363 -0.04741013215647803 
y 0.5472457230091096 0.5444767355918885 6.012533855438233 0.1377635344862938 -0.05446881353855133 
y 0.347886860370636 0.3407715857028961 2.843666315078735 0.0950639471411705 -0.07000000029802322 
y 0.5057385334601769 0.5032003200971163 1.656028799139536 3.792652233288838 -0.04580607379858311 
y 0.5057385334601769 0.5032003200971163 1.656028799139536 3.792652233288838 -0.04580607379858311 
n
n
n
n
n
n
y 0.4621440992280496 0.4620245881898563 2.347992092805528 1.008980989373933 -0.009962338027123284 
y 0.7181805769296628 0.715154310036641 4.829817612763676 0.2609867652217138 -0.05219550058322731 
n
n
n
n
n
n
