11 2 5
y 0.03111301077801459 0 0 0 0 
y 0 0.03113843493040132 0 0 0 
y 0 0 3.266287500532998 0 0 
y 0 0 0 0.2564788589056654 0 
y 0 0 0 0 0.0002701890100889782 
y 0.06955542291797845 0 0 0 0 
y 0 0.06955885576484538 0 0 0 
y 0 0 0.002654452077629935 0 0 
y 0 0 0 0.05333016923768627 0 
y 0 0 0 0 5.492387610884251e-05 
y 0.03429351518797666 0 0 0 0 
y 0 0.03820398690037154 0 0 0 
y 0 0 1.131628703560323 0 0 
y 0 0 0 0.01279509132127577 0 
y 0 0 0 0 0.0003820803125485682 
y 0.006138710866059559 0 0 0 0 
y 0 0.01058045373486782 0 0 0 
y 0 0 0.4316307406541545 0 0 
y 0 0 0 0.002082118306711035 0 
y 0 0 0 0 0.0007442879703804442 
y 0.05399487766244525 0 0 0 0 
y 0 0.0590415194273035 0 0 0 
y 0 0 0.5271400006315136 0 0 
y 0 0 0 1.692170578283369e-05 0 
y 0 0 0 0 0.0006464172845071216 
y 0.0008340405563131216 0 0 0 0 
y 0 0.0009406943988630894 0 0 0 
y 0 0 0.02026986646297373 0 0 
y 0 0 0 2.191792755001216e-05 0 
y 0 0 0 0 0.0001261922020802877 
y 0.07583345059619466 0 0 0 0 
y 0 0.08941668445970047 0 0 0 
y 0 0 1.57928297607521 0 0 
y 0 0 0 0.009420061485767045 0 
y 0 0 0 0 0.000699742925616872 
y 0.04323023856911059 0 0 0 0 
y 0 0.05110096759206685 0 0 0 
y 0 0 0.006590133848453309 0 0 
y 0 0 0 0.0008764982442633778 0 
y 0 0 0 0 0.0005285283896433988 
y 0.07717029558062034 0 0 0 0 
y 0 0.08630749121329438 0 0 0 
y 0 0 1.33725032444929 0 0 
y 0 0 0 0.01888990231446116 0 
y 0 0 0 0 0.00114063255379575 
y 0.07717029558062034 0 0 0 0 
y 0 0.08630749121329438 0 0 0 
y 0 0 1.33725032444929 0 0 
y 0 0 0 0.01888990231446116 0 
y 0 0 0 0 0.00114063255379575 
y 0.02982668768850074 0 0 0 0 
y 0 0.0405634667322019 0 0 0 
y 0 0 0.5632913626117301 0 0 
y 0 0 0 0.0001921612103409064 0 
y 0 0 0 0 7.512760618890691e-05 
y 0.001064814436682258 0 0 0 0 
y 0 0.001319926155591322 0 0 0 
y 0 0 0.2009234747200569 0 0 
y 0 0 0 8.164375233154509e-06 0 
y 0 0 0 0 1.201461212303991e-05 
n 
n 
n 
n 
n 
n 
n 
n 
n 
n 
y 0.1241085295738399 0 0 0 0 
y 0 0.1357050196681032 0 0 0 
y 0 0 2.928422257478057 0 0 
y 0 0 0 0.0003704552355671999 0 
y 0 0 0 0 0.0005338998903005911 
y 0.1241085295738399 0 0 0 0 
y 0 0.1357050196681032 0 0 0 
y 0 0 2.928422257478057 0 0 
y 0 0 0 0.0003704552355671999 0 
y 0 0 0 0 0.0005338998903005911 
y 0.04472022710772695 0 0 0 0 
y 0 0.05352357171637092 0 0 0 
y 0 0 0.5930900123407825 0 0 
y 0 0 0 0.0002641815495534728 0 
y 0 0 0 0 0.0006511519723265683 
y 0.04472022710772695 0 0 0 0 
y 0 0.05352357171637092 0 0 0 
y 0 0 0.5930900123407825 0 0 
y 0 0 0 0.0002641815495534728 0 
y 0 0 0 0 0.0006511519723265683 
n 
n 
n 
n 
n 
n 
n 
n 
n 
n 
y 0.06435667573294945 0 0 0 0 
y 0 0.08363978656275652 0 0 0 
y 0 0 0.9571057797301186 0 0 
y 0 0 0 0.007993226962558594 0 
y 0 0 0 0 0.00136150249830129 
y 0.06435667573294945 0 0 0 0 
y 0 0.08363978656275652 0 0 0 
y 0 0 0.9571057797301186 0 0 
y 0 0 0 0.007993226962558594 0 
y 0 0 0 0 0.00136150249830129 
y 0.04083376421152713 0 0 0 0 
y 0 0.05072162723865889 0 0 0 
y 0 0 0.7895094089557646 0 0 
y 0 0 0 42.29368421474715 0 
y 0 0 0 0 0.0003853855049892491 
y 0.0127143341113442 0 0 0 0 
y 0 0.01913485601571152 0 0 0 
y 0 0 0.347171641248717 0 0 
y 0 0 0 181.8084350605667 0 
y 0 0 0 0 9.020241038019172e-05 
y 0.008550595904251281 0 0 0 0 
y 0 0.008566881013529015 0 0 0 
y 0 0 3.594912960691994 0 0 
y 0 0 0 0.5152607655306934 0 
y 0 0 0 0 6.202025866172204e-05 
y 0.008550595904251281 0 0 0 0 
y 0 0.008566881013529015 0 0 0 
y 0 0 3.594912960691994 0 0 
y 0 0 0 0.5152607655306934 0 
y 0 0 0 0 6.202025866172204e-05 
y 0.02903570403655479 0 0 0 0 
y 0 0.02904728396370675 0 0 0 
y 0 0 0.8697899217638563 0 0 
y 0 0 0 0.002352507991042794 0 
y 0 0 0 0 5.731797945273598e-05 
y 0.001087976936185569 0 0 0 0 
y 0 0.001087158925763839 0 0 0 
y 0 0 0.0252739190799795 0 0 
y 0 0 0 0.003307075409775343 0 
y 0 0 0 0 1.954526504964206e-05 
y 0.01083472567729539 0 0 0 0 
y 0 0.01084829086843069 0 0 0 
y 0 0 2.834796387119205 0 0 
y 0 0 0 0.04429497090862704 0 
y 0 0 0 0 8.641441493924784e-05 
y 0.06677593322590887 0 0 0 0 
y 0 0.06677781169016381 0 0 0 
y 0 0 2.527393348387704 0 0 
y 0 0 0 1.352581666723559 0 
y 0 0 0 0 0.0005017660588315457 
y 0.07950942186929823 0 0 0 0 
y 0 0.0795259107629059 0 0 0 
y 0 0 0.715373160494549 0 0 
y 0 0 0 2.960358318431517 0 
y 0 0 0 0 0.0006702570277061896 
y 2.220446049250313e-16 0 0 0 0 
y 0 2.220446049250313e-16 0 0 0 
y 0 0 2.220446049250313e-16 0 0 
y 0 0 0 2.220446049250313e-16 0 
y 0 0 0 0 2.220446049250313e-16 
n 
n 
n 
n 
n 
n 
n 
n 
n 
n 
n 
n 
n 
n 
n 
n 
n 
n 
n 
n 
y 0.02481491280442513 0 0 0 0 
y 0 0.02494363407665246 0 0 0 
y 0 0 6.308131095160806 0 0 
y 0 0 0 0.1274349189952248 0 
y 0 0 0 0 6.244336608695083e-05 
y 0.006433535736817263 0 0 0 0 
y 0 0.006437129370135691 0 0 0 
y 0 0 1.757972784081379 0 0 
y 0 0 0 0.05153292595890717 0 
y 0 0 0 0 1.531029141903546e-06 
y 0.01823307868657071 0 0 0 0 
y 0 0.01836856354144972 0 0 0 
y 0 0 1.260522472568162 0 0 
y 0 0 0 0.1995793216836585 0 
y 0 0 0 0 8.578352128370162e-05 
y 0.01823307868657071 0 0 0 0 
y 0 0.01836856354144972 0 0 0 
y 0 0 1.260522472568162 0 0 
y 0 0 0 0.1995793216836585 0 
y 0 0 0 0 8.578352128370162e-05 
n 
n 
n 
n 
n 
n 
n 
n 
n 
n 
y 0.02942186529622213 0 0 0 0 
y 0 0.02969283024696732 0 0 0 
y 0 0 2.539896155223332 0 0 
y 0 0 0 0.3232939468628452 0 
y 0 0 0 0 0.0002872073455034985 
y 2.220446049250313e-16 0 0 0 0 
y 0 2.220446049250313e-16 0 0 0 
y 0 0 2.220446049250313e-16 0 0 
y 0 0 0 2.220446049250313e-16 0 
y 0 0 0 0 2.220446049250313e-16 
y 0.0558873571863836 0 0 0 0 
y 0 0.0596916575434654 0 0 0 
y 0 0 0.03437104961289243 0 0 
y 0 0 0 771.3062095007144 0 
y 0 0 0 0 0.0002269790582090779 
y 0.008103545804899342 0 0 0 0 
y 0 0.009295956250604228 0 0 0 
y 0 0 0.3631619663810748 0 0 
y 0 0 0 6382.921140002444 0 
y 0 0 0 0 0.000623662034092211 
y 0.001306930240144601 0 0 0 0 
y 0 0.001309286261396981 0 0 0 
y 0 0 0.1473442579912834 0 0 
y 0 0 0 25.51733913505315 0 
y 0 0 0 0 3.880941697652994e-05 
y 0.05469118107093583 0 0 0 0 
y 0 0.05472075352132653 0 0 0 
y 0 0 1.649799505406879 0 0 
y 0 0 0 7.882885108902027 0 
y 0 0 0 0 7.113790742498003e-05 
y 0.003149180698301106 0 0 0 0 
y 0 0.003148972510020639 0 0 0 
y 0 0 3.528221313704933 0 0 
y 0 0 0 0.1074799985848451 0 
y 0 0 0 0 8.312581791779181e-05 
y 0.003149180698301106 0 0 0 0 
y 0 0.003148972510020639 0 0 0 
y 0 0 3.528221313704933 0 0 
y 0 0 0 0.1074799985848451 0 
y 0 0 0 0 8.312581791779181e-05 
y 0.1337204556455324 0 0 0 0 
y 0 0.1336159383020593 0 0 0 
y 0 0 2.313276629530345 0 0 
y 0 0 0 10.89363781692033 0 
y 0 0 0 0 0.000274473185563532 
y 0.07345258471150506 0 0 0 0 
y 0 0.07351105451446691 0 0 0 
y 0 0 1.040566544456845 0 0 
y 0 0 0 136.5101675002154 0 
y 0 0 0 0 0.0002783049766257543 
y 0.132687207217103 0 0 0 0 
y 0 0.1326640973599142 0 0 0 
y 0 0 0.4170891317707675 0 0 
y 0 0 0 458.4302224843968 0 
y 0 0 0 0 0.0005353651053937468 
y 2.220446049250313e-16 0 0 0 0 
y 0 2.220446049250313e-16 0 0 0 
y 0 0 2.220446049250313e-16 0 0 
y 0 0 0 2.220446049250313e-16 0 
y 0 0 0 0 2.220446049250313e-16 
y 0.0366840681203284 0 0 0 0 
y 0 0.03670073143134959 0 0 0 
y 0 0 0.005772566293217096 0 0 
y 0 0 0 0.1497359989781823 0 
y 0 0 0 0 5.598784754293573e-05 
y 0.0414860517196837 0 0 0 0 
y 0 0.04148322161373234 0 0 0 
y 0 0 0.004165873646949574 0 0 
y 0 0 0 0.1379831648722279 0 
y 0 0 0 0 2.63511300636374e-05 
n 
n 
n 
n 
n 
n 
n 
n 
n 
n 
y 0.09266105049339136 0 0 0 0 
y 0 0.0929833086153684 0 0 0 
y 0 0 1.563042803570708 0 0 
y 0 0 0 0.1897836749612218 0 
y 0 0 0 0 1.77736445491787e-05 
y 0.03478333299448142 0 0 0 0 
y 0 0.03495345604956195 0 0 0 
y 0 0 1.005691134472981 0 0 
y 0 0 0 6.711800690187477 0 
y 0 0 0 0 6.911993089509041e-05 
y 0.002242108139746675 0 0 0 0 
y 0 0.002342201804067768 0 0 0 
y 0 0 1.411296208897764 0 0 
y 0 0 0 2.124118359032077 0 
y 0 0 0 0 0.0001127154323842634 
y 0.04555794613518433 0 0 0 0 
y 0 0.0456061427089172 0 0 0 
y 0 0 0.01228419831894762 0 0 
y 0 0 0 1.539711710479345 0 
y 0 0 0 0 6.440929884297722e-05 
n 
n 
n 
n 
n 
n 
n 
n 
n 
n 
y 0.0004153140430237634 0 0 0 0 
y 0 0.0004145166069984027 0 0 0 
y 0 0 0.0001063975422539443 0 0 
y 0 0 0 0.1590611282624397 0 
y 0 0 0 0 1.299244481716637e-06 
y 0.03830344057371428 0 0 0 0 
y 0 0.03878849137010043 0 0 0 
y 0 0 2.236849175197689 0 0 
y 0 0 0 4.240267717440982 0 
y 0 0 0 0 4.842898355750255e-05 
y 0.03337025721646028 0 0 0 0 
y 0 0.03519322655078364 0 0 0 
y 0 0 3.347968905742713 0 0 
y 0 0 0 52.48489314459725 0 
y 0 0 0 0 0.0005356298816845304 
y 0.01146644762557811 0 0 0 0 
y 0 0.01558095981994344 0 0 0 
y 0 0 4.302890385207764 0 0 
y 0 0 0 928.2658022561676 0 
y 0 0 0 0 0.0007616072929135631 
y 0.06752732261766137 0 0 0 0 
y 0 0.06752243034762652 0 0 0 
y 0 0 4.474448449495803 0 0 
y 0 0 0 5.661390395948417 0 
y 0 0 0 0 0.0004270154162555329 
y 0.06752732261766137 0 0 0 0 
y 0 0.06752243034762652 0 0 0 
y 0 0 4.474448449495803 0 0 
y 0 0 0 5.661390395948417 0 
y 0 0 0 0 0.0004270154162555329 
y 0.07799893855203503 0 0 0 0 
y 0 0.07804526635145821 0 0 0 
y 0 0 0.08838892456295845 0 0 
y 0 0 0 0.0005487049846336727 0 
y 0 0 0 0 0.0002768145370096692 
y 0.1135243061514844 0 0 0 0 
y 0 0.1134474682362127 0 0 0 
y 0 0 5.428289950302517 0 0 
y 0 0 0 0.01813079102506818 0 
y 0 0 0 0 0.0005512011931038678 
y 0.1723774556275827 0 0 0 0 
y 0 0.1724243806362078 0 0 0 
y 0 0 2.632780152534124 0 0 
y 0 0 0 0.2968144900192787 0 
y 0 0 0 0 0.0002712185470385649 
y 0.218047804293742 0 0 0 0 
y 0 0.2182531399811081 0 0 0 
y 0 0 4.233587466847677 0 0 
y 0 0 0 4.938026923258521 0 
y 0 0 0 0 0.0001165824712800691 
y 0.07161919563801011 0 0 0 0 
y 0 0.07162968599375798 0 0 0 
y 0 0 0.008718729235899688 0 0 
y 0 0 0 0.3414943570896178 0 
y 0 0 0 0 0.0002789656748317542 
y 0.04200390723582345 0 0 0 0 
y 0 0.04213416451958273 0 0 0 
y 0 0 1.477712238977051 0 0 
y 0 0 0 3.056601053753591 0 
y 0 0 0 0 0.001042010005494918 
y 2.220446049250313e-16 0 0 0 0 
y 0 2.220446049250313e-16 0 0 0 
y 0 0 2.220446049250313e-16 0 0 
y 0 0 0 2.220446049250313e-16 0 
y 0 0 0 0 2.220446049250313e-16 
y 0.1127310448508051 0 0 0 0 
y 0 0.1128494156125704 0 0 0 
y 0 0 0.936351221509876 0 0 
y 0 0 0 0.4301937999076835 0 
y 0 0 0 0 0.0002484586481467052 
n 
n 
n 
n 
n 
n 
n 
n 
n 
n 
y 0.0002110322278598273 0 0 0 0 
y 0 0.0002112461528246773 0 0 0 
y 0 0 0.759046293511631 0 0 
y 0 0 0 0.002230717735707217 0 
y 0 0 0 0 6.249978765756038e-08 
y 0.1781060577049667 0 0 0 0 
y 0 0.179376922892457 0 0 0 
y 0 0 4.453514258764343 0 0 
y 0 0 0 0.3448237309312923 0 
y 0 0 0 0 0.0001622493062969204 
y 0.1471441643241065 0 0 0 0 
y 0 0.1479922077967837 0 0 0 
y 0 0 4.795777674506986 0 0 
y 0 0 0 0.1071348061467409 0 
y 0 0 0 0 1.491282352261285e-05 
y 0.1559782524358617 0 0 0 0 
y 0 0.1564379101103018 0 0 0 
y 0 0 3.491899095499186 0 0 
y 0 0 0 0.003682766781185597 0 
y 0 0 0 0 0.0001668903713553958 
n 
n 
n 
n 
n 
n 
n 
n 
n 
n 
y 0.001633436196564207 0 0 0 0 
y 0 0.001601988906589999 0 0 0 
y 0 0 0.1908954553293487 0 0 
y 0 0 0 0.309027261522035 0 
y 0 0 0 0 4.204346220872339e-05 
y 0.06777656190971382 0 0 0 0 
y 0 0.06769322386644967 0 0 0 
y 0 0 3.675391626303853 0 0 
y 0 0 0 0.4969413755201088 0 
y 0 0 0 0 0.0003451838982406522 
y 0.005426505508130153 0 0 0 0 
y 0 0.005697008874672321 0 0 0 
y 0 0 0.07184107700781515 0 0 
y 0 0 0 177.9705678799205 0 
y 0 0 0 0 0.001792828393543615 
y 0.1343952824085558 0 0 0 0 
y 0 0.1502178843382012 0 0 0 
y 0 0 6.182385890518727 0 0 
y 0 0 0 45.26756195108742 0 
y 0 0 0 0 0.0006051201388397817 
y 0.05935200895151241 0 0 0 0 
y 0 0.05954493331884064 0 0 0 
y 0 0 0.01568220208312088 0 0 
y 0 0 0 0.05688680000687619 0 
y 0 0 0 0 0.0001541833839805812 
y 0.02833692782178447 0 0 0 0 
y 0 0.02794944837325008 0 0 0 
y 0 0 3.332324267410705 0 0 
y 0 0 0 1.391794319482851 0 
y 0 0 0 0 0.001663901303597347 
y 0.06666919163621272 0 0 0 0 
y 0 0.06684448236990184 0 0 0 
y 0 0 0.004613342393859234 0 0 
y 0 0 0 0.0001918011974804448 0 
y 0 0 0 0 0.0001091810979002216 
y 0.08311691804763509 0 0 0 0 
y 0 0.08271476837464561 0 0 0 
y 0 0 4.164833322148914 0 0 
y 0 0 0 0.001824741479764775 0 
y 0 0 0 0 0.001707182085922923 
y 0.04167956257767463 0 0 0 0 
y 0 0.04219475883364547 0 0 0 
y 0 0 0.2231578948662953 0 0 
y 0 0 0 0.02172356945240239 0 
y 0 0 0 0 0.0003804017462698467 
y 0.1729508806606147 0 0 0 0 
y 0 0.1732591535441423 0 0 0 
y 0 0 4.189118142612518 0 0 
y 0 0 0 0.8459496774721241 0 
y 0 0 0 0 0.0008613545751945012 
y 0.02363666158922221 0 0 0 0 
y 0 0.02310487747498207 0 0 0 
y 0 0 2.97293482399274 0 0 
y 0 0 0 5.329151563778669 0 
y 0 0 0 0 0.003387208266089364 
y 0.02363666158922221 0 0 0 0 
y 0 0.02310487747498207 0 0 0 
y 0 0 2.97293482399274 0 0 
y 0 0 0 5.329151563778669 0 
y 0 0 0 0 0.003387208266089364 
n 
n 
n 
n 
n 
n 
n 
n 
n 
n 
n 
n 
n 
n 
n 
n 
n 
n 
n 
n 
y 0.05501589707730017 0 0 0 0 
y 0 0.05510332170147968 0 0 0 
y 0 0 6.88913998199543 0 0 
y 0 0 0 0.1365212366491353 0 
y 0 0 0 0 0.0001482360923122489 
y 0.05501589707730017 0 0 0 0 
y 0 0.05510332170147968 0 0 0 
y 0 0 6.88913998199543 0 0 
y 0 0 0 0.1365212366491353 0 
y 0 0 0 0 0.0001482360923122489 
n 
n 
n 
n 
n 
n 
n 
n 
n 
n 
n 
n 
n 
n 
n 
n 
n 
n 
n 
n 
n 
n 
n 
n 
n 
n 
n 
n 
n 
n 
y 0.02778207837703016 0 0 0 0 
y 0 0.03704227863503257 0 0 0 
y 0 0 0.4747418823184385 0 0 
y 0 0 0 465.6027278251721 0 
y 0 0 0 0 9.429912836633747e-05 
y 0.02778207837703016 0 0 0 0 
y 0 0.03704227863503257 0 0 0 
y 0 0 0.4747418823184385 0 0 
y 0 0 0 465.6027278251721 0 
y 0 0 0 0 9.429912836633747e-05 
n 
n 
n 
n 
n 
n 
n 
n 
n 
n 
y 0.0726535303025474 0 0 0 0 
y 0 0.07270806707647397 0 0 0 
y 0 0 0.01024485434457281 0 0 
y 0 0 0 0.007705413520603208 0 
y 0 0 0 0 2.440219563612229e-05 
y 0.02517659708456765 0 0 0 0 
y 0 0.02519869949753706 0 0 0 
y 0 0 0.004774005856461372 0 0 
y 0 0 0 9.497653202578116e-05 0 
y 0 0 0 0 6.195606587721552e-05 
y 0.1184063127233547 0 0 0 0 
y 0 0.1184374703261139 0 0 0 
y 0 0 1.237208392024054 0 0 
y 0 0 0 19.85673774291961 0 
y 0 0 0 0 0.0002559405874726516 
y 0.1184063127233547 0 0 0 0 
y 0 0.1184374703261139 0 0 0 
y 0 0 1.237208392024054 0 0 
y 0 0 0 19.85673774291961 0 
y 0 0 0 0 0.0002559405874726516 
n 
n 
n 
n 
n 
n 
n 
n 
n 
n 
n 
n 
n 
n 
n 
n 
n 
n 
n 
n 
n 
n 
n 
n 
n 
n 
n 
n 
n 
n 
n 
n 
n 
n 
n 
n 
n 
n 
n 
n 
n 
n 
n 
n 
n 
n 
n 
n 
n 
n 
n 
n 
n 
n 
n 
n 
n 
n 
n 
n 
n 
n 
n 
n 
n 
n 
n 
n 
n 
n 
n 
n 
n 
n 
n 
n 
n 
n 
n 
n 
n 
n 
n 
n 
n 
n 
n 
n 
n 
n 
n 
n 
n 
n 
n 
n 
n 
n 
n 
n 
n 
n 
n 
n 
n 
n 
n 
n 
n 
n 
n 
n 
n 
n 
n 
n 
n 
n 
n 
n 
n 
n 
n 
n 
n 
n 
n 
n 
n 
n 
n 
n 
n 
n 
n 
n 
n 
n 
n 
n 
n 
n 
n 
n 
n 
n 
n 
n 
n 
n 
n 
n 
n 
n 
n 
n 
n 
n 
n 
n 
n 
n 
n 
n 
n 
n 
n 
n 
n 
n 
n 
n 
n 
n 
n 
n 
n 
n 
n 
n 
y 0.1241085295738399 0 0 0 0 
y 0 0.1357050196681032 0 0 0 
y 0 0 1.001567864800217 0 0 
y 0 0 0 634.4898091731955 0 
y 0 0 0 0 0.0005338998903005911 
y 0.1241085295738399 0 0 0 0 
y 0 0.1357050196681032 0 0 0 
y 0 0 1.001567864800217 0 0 
y 0 0 0 634.4898091731955 0 
y 0 0 0 0 0.0005338998903005911 
y 0.03292794116394181 0 0 0 0 
y 0 0.03308028968958038 0 0 0 
y 0 0 1.813480445236599 0 0 
y 0 0 0 2.67714988591164 0 
y 0 0 0 0 5.656304254178895e-05 
y 0.03292794116394181 0 0 0 0 
y 0 0.03308028968958038 0 0 0 
y 0 0 1.813480445236599 0 0 
y 0 0 0 2.67714988591164 0 
y 0 0 0 0 5.656304254178895e-05 
y 0.07043408899872304 0 0 0 0 
y 0 0.0707637721461295 0 0 0 
y 0 0 2.556371913698169 0 0 
y 0 0 0 0.01936421288147294 0 
y 0 0 0 0 5.215174117766726e-05 
y 0.07043408899872304 0 0 0 0 
y 0 0.0707637721461295 0 0 0 
y 0 0 2.556371913698169 0 0 
y 0 0 0 0.01936421288147294 0 
y 0 0 0 0 5.215174117766726e-05 
y 0.1716323282083362 0 0 0 0 
y 0 0.1727965816936965 0 0 0 
y 0 0 3.100834606211968 0 0 
y 0 0 0 14.79654038741106 0 
y 0 0 0 0 0.0001579013376634421 
y 0.1716323282083362 0 0 0 0 
y 0 0.1727965816936965 0 0 0 
y 0 0 3.100834606211968 0 0 
y 0 0 0 14.79654038741106 0 
y 0 0 0 0 0.0001579013376634421 
y 0.05501589707730017 0 0 0 0 
y 0 0.05510332170147968 0 0 0 
y 0 0 0.1441105818219787 0 0 
y 0 0 0 4.524851696199818 0 
y 0 0 0 0 0.0001482360923122489 
y 0.05501589707730017 0 0 0 0 
y 0 0.05510332170147968 0 0 0 
y 0 0 0.1441105818219787 0 0 
y 0 0 0 4.524851696199818 0 
y 0 0 0 0 0.0001482360923122489 
n 
n 
n 
n 
n 
n 
n 
n 
n 
n 
n 
n 
n 
n 
n 
n 
n 
n 
n 
n 
n 
n 
n 
n 
n 
n 
n 
n 
n 
n 
n 
n 
n 
n 
n 
n 
n 
n 
n 
n 
n 
n 
n 
n 
n 
n 
n 
n 
n 
n 
y 0.1061808418235689 0 0 0 0 
y 0 0.1077757233636029 0 0 0 
y 0 0 0.9633556722065021 0 0 
y 0 0 0 0.28813070507633 0 
y 0 0 0 0 1.838094959472995e-05 
y 0.1650460956120195 0 0 0 0 
y 0 0.1650098410810161 0 0 0 
y 0 0 1.874822738869199 0 0 
y 0 0 0 0.05264645915943689 0 
y 0 0 0 0 4.745129515813361e-05 
y 0.005016493472570457 0 0 0 0 
y 0 0.005641932852907502 0 0 0 
y 0 0 0.6057248824675623 0 0 
y 0 0 0 16.25405264241247 0 
y 0 0 0 0 0.0001748749988295101 
y 0.06122418995426421 0 0 0 0 
y 0 0.07334822183476437 0 0 0 
y 0 0 0.4067857436988542 0 0 
y 0 0 0 367.6412237409797 0 
y 0 0 0 0 0.000757583246813351 
y 0.01823307868657071 0 0 0 0 
y 0 0.01836856354144972 0 0 0 
y 0 0 6.008980261335473 0 0 
y 0 0 0 1.141773682323315 0 
y 0 0 0 0 8.578352128370162e-05 
y 0.01823307868657071 0 0 0 0 
y 0 0.01836856354144972 0 0 0 
y 0 0 6.008980261335473 0 0 
y 0 0 0 1.141773682323315 0 
y 0 0 0 0 8.578352128370162e-05 
y 0.09852677124638856 0 0 0 0 
y 0 0.09908119650184592 0 0 0 
y 0 0 5.460494411052326 0 0 
y 0 0 0 0.01817777920765318 0 
y 0 0 0 0 8.021940077362501e-05 
y 0.09852677124638856 0 0 0 0 
y 0 0.09908119650184592 0 0 0 
y 0 0 5.460494411052326 0 0 
y 0 0 0 0.01817777920765318 0 
y 0 0 0 0 8.021940077362501e-05 
y 0.1863220362431581 0 0 0 0 
y 0 0.1874728371306078 0 0 0 
y 0 0 3.411456697688411 0 0 
y 0 0 0 13.97138642441005 0 
y 0 0 0 0 0.0004047443236416795 
y 0.1863220362431581 0 0 0 0 
y 0 0.1874728371306078 0 0 0 
y 0 0 3.411456697688411 0 0 
y 0 0 0 13.97138642441005 0 
y 0 0 0 0 0.0004047443236416795 
n 
n 
n 
n 
n 
n 
n 
n 
n 
n 
n 
n 
n 
n 
n 
n 
n 
n 
n 
n 
n 
n 
n 
n 
n 
n 
n 
n 
n 
n 
n 
n 
n 
n 
n 
n 
n 
n 
n 
n 
n 
n 
n 
n 
n 
n 
n 
n 
n 
n 
n 
n 
n 
n 
n 
n 
n 
n 
n 
n 
n 
n 
n 
n 
n 
n 
n 
n 
n 
n 
n 
n 
n 
n 
n 
n 
n 
n 
n 
n 
n 
n 
n 
n 
n 
n 
n 
n 
n 
n 
n 
n 
n 
n 
n 
n 
n 
n 
n 
n 
n 
n 
n 
n 
n 
n 
n 
n 
n 
n 
n 
n 
n 
n 
n 
n 
n 
n 
n 
n 
n 
n 
n 
n 
n 
n 
n 
n 
n 
n 
n 
n 
n 
n 
n 
n 
n 
n 
n 
n 
n 
n 
n 
n 
n 
n 
n 
n 
n 
n 
n 
n 
n 
n 
n 
n 
n 
n 
n 
n 
n 
n 
n 
n 
n 
n 
n 
n 
n 
n 
n 
n 
n 
n 
n 
n 
n 
n 
n 
n 
y 0.06435667573294945 0 0 0 0 
y 0 0.08363978656275652 0 0 0 
y 0 0 0.9571057706395766 0 0 
y 0 0 0 1540.165653141719 0 
y 0 0 0 0 0.00136150249830129 
y 0.06435667573294945 0 0 0 0 
y 0 0.08363978656275652 0 0 0 
y 0 0 0.9571057706395766 0 0 
y 0 0 0 1540.165653141719 0 
y 0 0 0 0 0.00136150249830129 
y 0.03538928966853556 0 0 0 0 
y 0 0.03564199785449341 0 0 0 
y 0 0 3.235786219544453 0 0 
y 0 0 0 6.548444704189717 0 
y 0 0 0 0 0.0002715693121244987 
y 0.03538928966853556 0 0 0 0 
y 0 0.03564199785449341 0 0 0 
y 0 0 3.235786219544453 0 0 
y 0 0 0 6.548444704189717 0 
y 0 0 0 0 0.0002715693121244987 
y 0.03055920627984164 0 0 0 0 
y 0 0.03005515127346094 0 0 0 
y 0 0 0.002734007178751199 0 0 
y 0 0 0 0.003273187686939974 0 
y 0 0 0 0 0.000560174355758627 
y 2.220446049250313e-16 0 0 0 0 
y 0 2.220446049250313e-16 0 0 0 
y 0 0 2.220446049250313e-16 0 0 
y 0 0 0 2.220446049250313e-16 0 
y 0 0 0 0 2.220446049250313e-16 
y 0.06083638260298027 0 0 0 0 
y 0 0.06102456675103785 0 0 0 
y 0 0 1.367989157964387 0 0 
y 0 0 0 14.69492288613793 0 
y 0 0 0 0 0.000274525704527326 
y 0.06083638260298027 0 0 0 0 
y 0 0.06102456675103785 0 0 0 
y 0 0 1.367989157964387 0 0 
y 0 0 0 14.69492288613793 0 
y 0 0 0 0 0.000274525704527326 
n 
n 
n 
n 
n 
n 
n 
n 
n 
n 
n 
n 
n 
n 
n 
n 
n 
n 
n 
n 
n 
n 
n 
n 
n 
n 
n 
n 
n 
n 
y 0.1650460956175183 0 0 0 0 
y 0 0.1650098410864094 0 0 0 
y 0 0 5.543013634341354 0 0 
y 0 0 0 0.08120932484469953 0 
y 0 0 0 0 4.745129531025758e-05 
y 0.1061808418329144 0 0 0 0 
y 0 0.1077757233730713 0 0 0 
y 0 0 3.923946104597476 0 0 
y 0 0 0 0.001078700851930298 0 
y 0 0 0 0 1.838094959343939e-05 
n 
n 
n 
n 
n 
n 
n 
n 
n 
n 
n 
n 
n 
n 
n 
n 
n 
n 
n 
n 
n 
n 
n 
n 
n 
n 
n 
n 
n 
n 
