0.516667 0.9 0.866667 0.75 0.3 0.0666667 0.0166667 0.433333 0.166667 0.0166667 0.15 
0.9 0.0833333 0.816667 0.683333 0.3 0.05 0.0166667 0.433333 0.166667 0.0166667 0.15 
0.866667 0.816667 0.1 0.65 0.266667 0.0666667 0.0166667 0.416667 0.133333 0.0166667 0.1 
0.75 0.683333 0.65 0.45 0.3 0.0666667 0 0.35 0.133333 0.0166667 0.116667 
0.3 0.3 0.266667 0.3 0.0666667 0.0166667 0 0.133333 0.0333333 0 0 
0.0666667 0.05 0.0666667 0.0666667 0.0166667 0 0 0.0166667 0.0333333 0 0.0166667 
0.0166667 0.0166667 0.0166667 0 0 0 0 0.0166667 0 0 0 
0.433333 0.433333 0.416667 0.35 0.133333 0.0166667 0.0166667 0 0.05 0.0166667 0.116667 
0.166667 0.166667 0.133333 0.133333 0.0333333 0.0333333 0 0.05 0.0166667 0 0.05 
0.0166667 0.0166667 0.0166667 0.0166667 0 0 0 0.0166667 0 0 0.0166667 
0.15 0.15 0.1 0.116667 0 0.0166667 0 0.116667 0.05 0.0166667 0 
