11 2 8
y 0.06771245230260658 0 0 0 0 0 0 0 
y 0 0.001229573119419536 0 0 0 0 0 0 
y 0 0 0.0001353799900020093 0 0 0 0 0 
y 0 0 0 0.01413060204219274 0 0 0 0 
y 0 0 0 0 6.303880940690543e-05 0 0 0 
y 0 0 0 0 0 0.0002606792196064664 0 0 
y 0 0 0 0 0 0 0.001835788419663108 0 
y 0 0 0 0 0 0 0 0.0002700839482789501 
y 0.1242801685359037 0 0 0 0 0 0 0 
y 0 0.008489783285505741 0 0 0 0 0 0 
y 0 0 0.0005180363473311167 0 0 0 0 0 
y 0 0 0 0.03717148532968707 0 0 0 0 
y 0 0 0 0 0.0002976536123752485 0 0 0 
y 0 0 0 0 0 0.006526585531949046 0 0 
y 0 0 0 0 0 0 0.003832995865804513 0 
y 0 0 0 0 0 0 0 0.002116766281980772 
y 0.00431135493708266 0 0 0 0 0 0 0 
y 0 0.006033164411771308 0 0 0 0 0 0 
y 0 0 0.0002814178127341848 0 0 0 0 0 
y 0 0 0 0.002778791570007095 0 0 0 0 
y 0 0 0 0 3.090403209537353e-08 0 0 0 
y 0 0 0 0 0 7.668808731001114e-05 0 0 
y 0 0 0 0 0 0 0.0006005983585118134 0 
y 0 0 0 0 0 0 0 2.951409164195495e-05 
y 0.06513232352519889 0 0 0 0 0 0 0 
y 0 0.01196325797653879 0 0 0 0 0 0 
y 0 0 8.945254465102405e-05 0 0 0 0 0 
y 0 0 0 0.01726253668388845 0 0 0 0 
y 0 0 0 0 1.963092590972839e-06 0 0 0 
y 0 0 0 0 0 0.001850377665937983 0 0 
y 0 0 0 0 0 0 0.001652327745022722 0 
y 0 0 0 0 0 0 0 0.000130996248650441 
y 0.1065492462087343 0 0 0 0 0 0 0 
y 0 0.01025466529486894 0 0 0 0 0 0 
y 0 0 2.805962887737516e-05 0 0 0 0 0 
y 0 0 0 0.02225194149739191 0 0 0 0 
y 0 0 0 0 1.217192081016607e-09 0 0 0 
y 0 0 0 0 0 8.626972224338495e-05 0 0 
y 0 0 0 0 0 0 0.0001365148366014427 0 
y 0 0 0 0 0 0 0 2.847551601600043e-05 
y 0.1120429566968841 0 0 0 0 0 0 0 
y 0 0.003365530687205428 0 0 0 0 0 0 
y 0 0 0.0001587750906145742 0 0 0 0 0 
y 0 0 0 0.005813520468782036 0 0 0 0 
y 0 0 0 0 6.194376528457573e-09 0 0 0 
y 0 0 0 0 0 0.0001497768050672502 0 0 
y 0 0 0 0 0 0 0.0001284076341390969 0 
y 0 0 0 0 0 0 0 2.117872129783335e-05 
y 0.2176384701301731 0 0 0 0 0 0 0 
y 0 0.02823311015125237 0 0 0 0 0 0 
y 0 0 0.0001130222797911297 0 0 0 0 0 
y 0 0 0 0.07970082687647297 0 0 0 0 
y 0 0 0 0 2.501403185994654e-07 0 0 0 
y 0 0 0 0 0 0.00127736325838799 0 0 
y 0 0 0 0 0 0 0.001785172097968707 0 
y 0 0 0 0 0 0 0 2.014888799067138e-05 
y 0.3146447723206278 0 0 0 0 0 0 0 
y 0 0.02995831302589219 0 0 0 0 0 0 
y 0 0 0.0003092258477471887 0 0 0 0 0 
y 0 0 0 0.08990809494857829 0 0 0 0 
y 0 0 0 0 7.887409559921024e-06 0 0 0 
y 0 0 0 0 0 0.0009247160575077192 0 0 
y 0 0 0 0 0 0 0.001193221419727236 0 
y 0 0 0 0 0 0 0 0.0008683038282751797 
y 0.0166417610549654 0 0 0 0 0 0 0 
y 0 0.02390851647794974 0 0 0 0 0 0 
y 0 0 0.001102911858396948 0 0 0 0 0 
y 0 0 0 0.05147132595910661 0 0 0 0 
y 0 0 0 0 9.297859359392814e-05 0 0 0 
y 0 0 0 0 0 0.002459275440784852 0 0 
y 0 0 0 0 0 0 0.001663683926712901 0 
y 0 0 0 0 0 0 0 0.003765230618553746 
y 0.1018216724448077 0 0 0 0 0 0 0 
y 0 0.0312885518575573 0 0 0 0 0 0 
y 0 0 0.0002855539099337716 0 0 0 0 0 
y 0 0 0 0.01056393991042257 0 0 0 0 
y 0 0 0 0 1.03443763869464e-06 0 0 0 
y 0 0 0 0 0 0.003260073483132052 0 0 
y 0 0 0 0 0 0 0.0005402336487470695 0 
y 0 0 0 0 0 0 0 0.0005862403401494199 
n 
n 
n 
n 
n 
n 
n 
n 
n 
n 
n 
n 
n 
n 
n 
n 
n 
n 
n 
n 
n 
n 
n 
n 
n 
n 
n 
n 
n 
n 
n 
n 
y 0.2249162367588986 0 0 0 0 0 0 0 
y 0 0.01662401114712262 0 0 0 0 0 0 
y 0 0 7.49854290606633e-05 0 0 0 0 0 
y 0 0 0 0.06713488095142069 0 0 0 0 
y 0 0 0 0 1.759675037539165e-07 0 0 0 
y 0 0 0 0 0 0.0003391708519499263 0 0 
y 0 0 0 0 0 0 0.0004029846717569397 0 
y 0 0 0 0 0 0 0 0.0001879758410113237 
y 0.2249162367588986 0 0 0 0 0 0 0 
y 0 0.01662401114712262 0 0 0 0 0 0 
y 0 0 7.49854290606633e-05 0 0 0 0 0 
y 0 0 0 0.06713488095142069 0 0 0 0 
y 0 0 0 0 1.759675037539165e-07 0 0 0 
y 0 0 0 0 0 0.0003391708519499263 0 0 
y 0 0 0 0 0 0 0.0004029846717569397 0 
y 0 0 0 0 0 0 0 0.0001879758410113237 
y 0.1717171579656471 0 0 0 0 0 0 0 
y 0 0.01691466773133954 0 0 0 0 0 0 
y 0 0 4.409293929006647e-05 0 0 0 0 0 
y 0 0 0 0.1449945673499928 0 0 0 0 
y 0 0 0 0 6.36602905070778e-08 0 0 0 
y 0 0 0 0 0 0.0001031253699293801 0 0 
y 0 0 0 0 0 0 0.0001244792145678398 0 
y 0 0 0 0 0 0 0 0.0001459590245245352 
y 0.1717171579656471 0 0 0 0 0 0 0 
y 0 0.01691466773133954 0 0 0 0 0 0 
y 0 0 4.409293929006647e-05 0 0 0 0 0 
y 0 0 0 0.1449945673499928 0 0 0 0 
y 0 0 0 0 6.36602905070778e-08 0 0 0 
y 0 0 0 0 0 0.0001031253699293801 0 0 
y 0 0 0 0 0 0 0.0001244792145678398 0 
y 0 0 0 0 0 0 0 0.0001459590245245352 
n 
n 
n 
n 
n 
n 
n 
n 
n 
n 
n 
n 
n 
n 
n 
n 
y 0.1958859279976777 0 0 0 0 0 0 0 
y 0 0.01051609228177229 0 0 0 0 0 0 
y 0 0 0.0001223571608834751 0 0 0 0 0 
y 0 0 0 0.1116711410422728 0 0 0 0 
y 0 0 0 0 9.774702748170199e-07 0 0 0 
y 0 0 0 0 0 0.0004841219219140394 0 0 
y 0 0 0 0 0 0 0.001171963077184899 0 
y 0 0 0 0 0 0 0 0.0005589796253132247 
y 0.000742028189875621 0 0 0 0 0 0 0 
y 0 0.0003155190069270564 0 0 0 0 0 0 
y 0 0 2.711023351609221e-05 0 0 0 0 0 
y 0 0 0 0.000749644248244863 0 0 0 0 
y 0 0 0 0 1.210562616575043e-07 0 0 0 
y 0 0 0 0 0 6.514162756099396e-06 0 0 
y 0 0 0 0 0 0 0.0001556077507347542 0 
y 0 0 0 0 0 0 0 2.930592816025035e-05 
