11 2 8
y 1.129317509172082 0.5991826651721687 0.20975804812212 0.5072930779800543 0.03002104954217785 0.5456386827854441 0.1786995039265191 0.4149810921498316 
y 0.8496521084407138 0.5440123655473815 0.243755102446024 0.6207991733742776 0.04488195100994612 0.5149731709407992 0.207705614360025 0.4740614577154949 
y 1.377034687507251 0.1853665789923719 0.03375079471257394 0.1323328045190358 0.002367859289898904 0.43899126810472 0.1485165674926586 0.04144571926854598 
y 0.8556979475023742 0.3380443185760582 0.02408133984712821 0.3901203432849563 0.002818554487438687 0.4364237105423199 0.1697428539537292 0.04248205224441609 
y 1.215322014871829 0.2138515317371855 0.01972088712297439 0.1918625297367667 0.0002390549523865473 0.06705316499090408 0.1060112840256595 0.0378432526156198 
y 1.200327828021867 0.2840191653432556 0.03431374205100946 0.2479966547065508 0.0003038820311192152 0.06895073766234654 0.1009764871202409 0.04881190324413946 
y 0.8743294133046915 0.3682582926883552 0.01359976131548117 0.4712622054927431 0.001229690645595182 0.2093799111751576 0.2720585394365015 0.02273289821475466 
y 0.8405802186143112 0.4027187516106399 0.03700472043623338 0.5645749805604002 0.005310012422257654 0.2544063049848966 0.3230450822394489 0.06824410500955221 
y 0.2398128349598576 0.4720802540076409 0.07788573124089519 1.079635139871949 0.01249455096588815 0.2691083893294942 0.3051617431396034 0.1475714496389395 
y 0.6640164943869206 0.2487319453246757 0.03184616016161857 0.3439180264386533 0.002654807141462645 0.2111084155492578 0.2561631786268536 0.05661540604196149 
n 
n 
n 
n 
y 1.166725972524056 0.326488865682712 0.05286019567686778 0.3340960895785919 0.001077924527075643 0.09449475430525267 0.1260315770140061 0.09833577590493056 
y 1.166725972524056 0.326488865682712 0.05286019567686778 0.3340960895785919 0.001077924527075643 0.09449475430525267 0.1260315770140061 0.09833577590493056 
y 0.6375497620214116 0.2785201160745187 0.06109612265771086 0.5905374254692685 0.00108400733337145 0.09710425273938612 0.09904024208133871 0.1158286082473668 
y 0.6375497620214116 0.2785201160745187 0.06109612265771086 0.5905374254692685 0.00108400733337145 0.09710425273938612 0.09904024208133871 0.1158286082473668 
n 
n 
y 0.9855308490138761 0.2270015499421774 0.07150000014476016 0.3489593788982556 0.001332859974355013 0.08377912427698682 0.1068602449127728 0.1338571416480311 
y 0.2546981200575839 0.3624994009733208 0.1047932505607607 0.9601814746856679 0.004091930575668799 0.1284960657358169 0.1729987710714336 0.1945864930748942 
