17 2 5
y 0.576904420882852 0.576904420882852 3.176458042920275 1.188713007897225 0 
y 0.7804211307434014 0.7804211307434014 3.098873534353196 1.520597591859865 0 
y 0.6085453368963734 0.5709738140144656 0.4942306063445886 0.1513301778224207 -0.1999448537826538 
y 0.5798254776242617 0.5405799606563272 5.870799641351442 0.1627429950434866 -0.1999448537826538 
y 0.7804460242871315 0.7493281109999584 0.6850617018177785 0.005575225343714939 -0.2084082365036011 
y 0.7221624341703231 0.6876945856117433 5.775045461552118 0.005831585112353287 -0.2084082365036011 
y 0.7138774820517998 0.6971389614899366 5.247575939936986 0.1144571232184848 -0.142939269542694 
y 0.7582745723221669 0.742523275358652 1.103274101297536 0.1164807146246174 -0.142939269542694 
y 0.6588269014703559 0.6585817345746462 3.87493736503134 0.2229375991711979 0.01666736602783202 
y 0.5923060267350982 0.5920603769482858 2.385834347601782 0.9558862179227755 0.01666736602783203 
y 0.8081416650194505 0.8035669603066203 1.151953710275774 0.520945613056138 -0.08335971832275389 
y 0.5309184308489107 0.5242470571972283 1.849874282246271 0.8385047859543233 -0.08335971832275389 
y 0.7999219951758011 0.7647855318284182 0.8253082158868916 0.0002263064326143087 -0.220159649848938 
y 0.7770997116249487 0.7399669179966434 5.400457660500142 0.0002289644393799655 -0.2201596498489381 
y 0.8161056899233929 0.7903630270252981 5.379317847292752 0.0526894516807874 -0.193719744682312 
y 0.8240135514149087 0.7984798882494185 0.9238071663680788 0.05075472754831255 -0.1937197446823121 
y 1.21483667121717 1.21393809634462 4.342661304827246 0.1303628800992699 -0.04637885093688961 
y 0.6744532590203988 0.6726945475184033 3.886524509353205 0.1963846821056986 -0.04637885093688966 
y 0.8660718428121708 0.835934942638518 0.8838655255939166 0.005651937017368431 -0.2140468955039977 
y 0.7712767356634319 0.7368141454458424 5.367629842758245 0.007230170565890153 -0.2140468955039978 
y 1.062287039230068 1.062138737929931 3.479757471869271 1.044585268735624 0.01745080947875977 
y 0.5060883402689135 0.5057806304705896 3.78458677644219 1.052252908642935 0.01745080947875976 
y 0.6240355834320592 0.6065539464506374 4.548623444662091 0.07946034790894198 -0.1336409449577332 
y 0.6990395447143773 0.6836622842368129 1.132214317672946 0.04558395423055884 -0.1336409449577332 
y 0.7824659589326606 0.7616835101595465 5.01949661154792 0.1119086102424365 -0.171626091003418 
y 0.7824659589326606 0.7616835101595465 5.01949661154792 0.1119086102424365 -0.171626091003418 
y 0.6966341038287093 0.6538474251802454 1.011635088648825 0.002527649280342843 -0.2171556353569031 
y 0.7643067958230881 0.7280305283997637 5.787915671301874 0.00365527982247398 -0.217155635356903 
y 0.8593748365839322 0.8295402725537618 0.5602465516344334 0.003535334483118883 -0.2178158760070801 
y 0.8852679616696126 0.8566805293431153 5.767673956381309 0.003063270716764335 -0.2178158760070801 
y 0.8843055961888532 0.8597022318407184 0.8794077838050879 0.01011110128913799 -0.1971272826194763 
y 0.8196016535220421 0.7929448103237037 5.531659507435461 0.009198745515647406 -0.1971272826194763 
y 0.7344857806795106 0.7190273114615366 1.009477547130049 0.07099365261381199 -0.1383771300315857 
y 0.7263302760520616 0.7106999688144918 5.305883383403987 0.07273665482732451 -0.1383771300315856 
y 0.7901080339672389 0.7631448665281548 3.271481107292849 12.54811476908074 0.1999448537826539 
y 0.4712094480327787 0.425616882660612 3.14350235035144 12.74207242276287 0.1999448537826537 
y 0.7102680022731473 0.7102680022731473 3.32173841430208 0.7991983792211629 0 
y 0.6490942856247375 0.6490942856247375 3.094673341699561 1.556918443942761 0 
y 0.3702263000708483 0.3701254327637756 1.516820111658045 0.03691453648941636 -0.008463382720947264 
y 0.6047505122722592 0.6046829575073139 2.155434336333893 0.07510269067385929 -0.00846338272094726 
y 0.803332079465828 0.8011279199647007 2.609105806010233 1.252497076827645 0.05700558423995975 
y 0.5001195046323567 0.4966943584452271 2.861891191236643 0.7886956203168757 0.05700558423995969 
y 0.9194500959904368 0.8928759633164013 4.268104848114693 3.765801739577318 0.2166122198104858 
y 0.7327079399518466 0.6960096628811936 3.000373354561752 2.325043670791957 0.2166122198104858 
y 0.6791041255861089 0.6683705323848171 2.099302048268525 6.299853703250056 0.1165851354598999 
y 0.6791041255861089 0.6683705323848171 2.099302048268525 6.299853703250056 0.1165851354598999 
y 0.5671363018629983 0.5666997317111272 4.884811859135832 0.002010628779109462 -0.02021479606628417 
y 0.5482332491363118 0.5477870951184994 1.329022976543881 0.002190382349514994 -0.02021479606628418 
y 0.5043074812968641 0.504267191979624 3.553344309925675 0.5024309548159587 0.006225109100341798 
y 0.8859659086678476 0.8859429114941682 3.566835439770625 0.479158964860588 0.0062251091003418 
y 0.8714505484417236 0.8569042188490972 3.66416165559334 2.409353982845716 0.1535660028457642 
y 0.5638329990614602 0.5414617043504616 3.798264334506574 1.167589485251943 0.1535660028457642 
y 0.8176424373754594 0.8175165476580348 3.639365100522026 0.05961847715411841 -0.01410204172134399 
y 0.472695229588952 0.4724746031504516 3.171496111020307 0.06023216753352127 -0.01410204172134399 
y 0.6522482357654267 0.614139864637408 3.552474195806242 7.392193443438709 0.2173956632614136 
y 0.8786554966489634 0.8495980055477941 3.393738582313354 15.60308739355446 0.2173956632614136 
y 0.6124407376532608 0.6083511559004156 3.262679536417793 1.127743857072229 0.06630390882492065 
y 0.6369184592385937 0.6332491748904958 3.090596623155035 0.235862471951405 0.06630390882492065 
y 0.5981847422067509 0.5974473759185436 4.604118422020314 0.9905498459242111 0.02831876277923584 
y 0.5981847422067509 0.5974473759185436 4.604118422020314 0.9905498459242111 0.02831876277923584 
y 0.3352555498734368 0.3347700315872862 3.549151384769915 0.0299347296091724 -0.01721078157424928 
y 0.8012616028353319 0.8010647042483776 4.137065767641439 0.01757947147127731 -0.01721078157424927 
y 0.5856781693230396 0.5853595833953598 3.420714033542906 0.04854951538603168 -0.01787102222442627 
y 0.3518017866586461 0.3513235923817518 3.158256190993133 0.01940226136821956 -0.01787102222442628 
y 0.8847625880086141 0.8847578635715544 3.737350462889246 0.09725906139301957 0.002817571163177492 
y 0.4439355661460207 0.4439261911533232 4.345979988090813 0.0701232883170015 0.002817571163177491 
y 0.4794352686361316 0.4752135389097521 3.325704725357904 0.6151675498033845 0.06156772375106812 
y 0.925967549471489 0.9237999667657771 3.319687101917676 0.5940644125341578 0.06156772375106813 
y 0.786358296021331 0.7550207143390827 3.649271878240188 198.6971315450419 0.2084082365036014 
y 0.7416742681433558 0.7093682854311418 3.587835830461683 613.8999544139537 0.2084082365036011 
y 0.6363610269033771 0.6363007501168481 4.335127255641114 36.46310723721759 0.008463382720947255 
y 0.3569105069365339 0.3568065291539039 3.895385381108263 37.83256894317622 0.008463382720947267 
y 0.1993091670217756 0.1993091670217756 3.656986014202167 1.278513070718785 0 
y 0.5583290093935974 0.5583290093935974 3.531873659285766 1.575639510016109 0 
y 0.6972014664026984 0.693115802491735 3.282512094731731 19.18602245483617 0.06546896696090689 
y 0.6538004011128055 0.6494530388324835 3.274113331620764 58.79783975679481 0.06546896696090701 
y 1.218127011471695 1.196359626817885 4.294899661352041 99.40728695237925 0.2250756025314331 
y 0.7700523963796052 0.7318540135340198 2.871495816041224 60.80015096004063 0.2250756025314332 
y 0.5548399540094229 0.5382331802294805 2.692027215258433 158.9855654496413 0.1250485181808472 
y 0.5548399540094229 0.5382331802294805 2.692027215258433 158.9855654496413 0.1250485181808472 
y 0.8714171335963941 0.8713323529502216 3.908553529571818 0.05745023283398396 -0.01175141334533691 
y 0.3276335888783399 0.327373440073095 3.383584820429839 0.05473119766429674 -0.01175141334533692 
y 1.054214540106499 1.054107454942834 4.634193880343793 12.80601244697126 0.01468849182128906 
y 0.5143894482105347 0.5141247845296509 2.966453449447122 12.87815937695068 0.01468849182128907 
y 0.479732628588358 0.4484755648962233 2.787679583589346 34.40054458539683 0.1620293855667114 
y 0.9842649913134603 0.9697407026088335 4.257495983435612 46.29449003353966 0.1620293855667114 
y 0.7906908891329952 0.7906654211565984 3.81651832415812 1.388301517052828 -0.005638659000396729 
y 0.9743553726785463 0.9743390634934189 3.450173625406809 1.536317569352724 -0.005638659000396729 
y 1.093159704421318 1.06894756837342 4.1893646474268 250.3142431529631 0.2258590459823607 
y 0.6719257556438331 0.6279476947496477 2.990778270468928 261.5257097504041 0.2258590459823609 
y 0.826625515607609 0.8222518419612987 3.645527611113788 14.18578029090124 0.07476729154586792 
y 0.8906946997264977 0.8875497802486947 3.19321223314223 45.44604666392146 0.07476729154586792 
y 0.876633831113577 0.8757297109812499 4.519883972406388 21.31418572664261 0.03678214550018311 
y 1.039245128631592 1.038594007492065 4.461988925933838 53.16769027709961 0.03678214550018311 
y 0.7885067425246211 0.7884118948777652 4.701135728120843 0.9807019472496084 -0.008747398853302 
y 0.4607876513287053 0.4606609858372894 3.9487648797636 0.4346222247359908 -0.008747398853302005 
y 0.6500618632031722 0.6499689678520401 5.212407069473088 0.9908374691025797 -0.009407639503479004 
y 0.3707675453845394 0.3706055938959711 3.541263058171894 0.5107723828752485 -0.009407639503479007 
y 0.8971728243196554 0.8970863436166493 4.845454892743746 0.9219042870550412 0.01128095388412475 
y 0.6803798006268538 0.6802477655887008 3.545068592126041 3.3111121521638 0.01128095388412476 
y 0.6960909730931446 0.6913553176813431 3.319358525526257 39.1733277519428 0.07003110647201537 
y 0.7510127557825382 0.7464631222984937 3.808159758763616 11.02217287282087 0.07003110647201537 
y 0.7453137536767871 0.729138222818187 3.543919646702943 9.873717957328262 0.1429392695426941 
y 0.7366190868202005 0.7207335985023146 3.386434634622074 34.04429988950772 0.142939269542694 
y 0.8484840830487722 0.8464723474169493 3.757916662255532 1.442155350525589 -0.05700558423995976 
y 0.5083506299632494 0.5049516966813391 3.567273545974793 2.140083498036712 -0.05700558423995971 
y 0.7836056541255776 0.779920337871011 1.315492360114055 0.07032348294808394 -0.06546896696090702 
y 0.5940497422171647 0.5894587023789655 5.296354083239565 0.06396764595974981 -0.06546896696090695 
y 0.4042106931298294 0.4042106931298294 3.124563812274141 1.055153155781998 0 
y 0.96375476264683 0.96375476264683 3.249852103827042 1.574071848523658 0 
y 0.88867714542609 0.8688762818391507 3.216166428648509 3.188306972957574 0.1596066355705261 
y 0.6915106177330017 0.6728392839431763 5.021660327911377 31.99527740478516 0.1596066355705261 
y 0.7514569206865213 0.7482976912186635 2.927587672632947 7.188920834826956 0.05957955121994019 
y 0.6919668021681792 0.6887800323875054 2.51399201680345 20.28192574909966 0.05957955121994022 
y 0.7231581398570645 0.7172696766176434 1.465399115147096 0.002941701638881043 -0.07722038030624397 
y 0.7660528281822833 0.7607870120073059 5.019398762562106 0.002635434089453808 -0.07722038030624388 
y 0.8693200165528749 0.8674079740870554 4.068068684032683 1.457892468236548 -0.05078047513961795 
y 0.8116742533777209 0.8095226530275065 3.518200273473182 0.4180314910486874 -0.05078047513961793 
y 0.4524073762455309 0.4407124147791667 3.027432057074913 2.205522851966053 0.09656041860580443 
y 1.131179522114977 1.126836188531134 4.270844396014751 2.111644551514605 0.09656041860580446 
y 0.6588753487396788 0.6534876833801361 3.041382873468068 0.07495278802341011 -0.07110762596130371 
y 1.203862247242206 1.201720636674887 4.963667540431588 0.05267830965725901 -0.07110762596130377 
y 0.5217372907467498 0.4938648542210463 3.063143664939779 12.20163279972838 0.160390079021454 
y 1.153869343484494 1.142340806837447 3.899305005494246 14.39214603830751 0.1603900790214538 
y 1.130113969820864 1.130072931671116 1.246205618930588 0.9554366026445497 0.009298324584960934 
y 0.8777482397367975 0.8776819875284577 4.12520804991988 0.7747677990867583 0.009298324584960936 
y 1.242753419453031 1.242416158607825 4.833072257309495 1.560092189178485 -0.02868682146072387 
y 0.5018996860639972 0.5009301339187565 3.314811050522127 1.838217436551703 -0.02868682146072388 
y 0.8508062975697142 0.8466015482695554 5.033908079857602 0.03027339458076517 -0.07421636581420898 
y 0.640488102816571 0.6357358952901579 1.542336941384323 0.02792845044545265 -0.074216365814209 
y 0.7563155184150527 0.7517225976677104 2.297892436733431 0.05538991034228355 -0.074876606464386 
y 0.8641795505045554 0.8604738583262161 5.399125681248719 0.01910160667222468 -0.07487660646438599 
y 0.6757502859082969 0.6728500443505389 2.77753345173198 0.1133094264592432 -0.05418801307678223 
y 1.160214276415936 1.158901924592415 4.981581272390843 0.08515987638974386 -0.05418801307678221 
y 0.8228858872970157 0.8228677821638286 3.683038053753565 0.6089984954926796 0.004562139511108399 
y 0.7920185942941667 0.79200071571662 2.95111435579153 2.233560565646008 0.004562139511108398 
y 0.655806449143668 0.6555621985011127 1.581628058254714 5.147419090020128 -0.01666736602783204 
y 0.6334228018902763 0.6331757825512158 4.528031727840424 7.930264413973958 -0.01666736602783203 
y 0.8034876171715901 0.7699610798833685 1.717934530132979 0.6258780530916839 -0.2166122198104859 
y 0.79433121903779 0.7638854274923425 5.308615630763466 0.5086127803114516 -0.2166122198104858 
y 1.120582082205348 1.095883917477396 1.059890877869394 0.02120257353332514 -0.2250756025314331 
y 0.7774387931122499 0.7381428164594314 5.57817548864028 0.02892646303071695 -0.2250756025314331 
y 1.445356404392449 1.43645178544067 2.431515338375984 0.4829286342236957 -0.1596066355705261 
y 0.6416222940045342 0.6171206657058016 3.520719267265986 0.645317533497981 -0.1596066355705262 
n
n
y 0.8372809253633022 0.8293774165213108 2.237957537174225 2.042253769934177 -0.1000270843505859 
y 1.104787588119507 1.100250005722046 5.288662910461426 18.83413314819336 -0.1000270843505859 
y 1.045372599430836 1.014065479242974 1.027542432414962 0.0009613134865108335 -0.23682701587677 
y 0.7584230947014826 0.7128948641717838 5.604706509629361 0.001803316917830594 -0.23682701587677 
y 0.9424380891668559 0.9123685256853171 5.397297354284579 0.2501325157161475 -0.210387110710144 
y 0.9063877636126788 0.8733279613499968 0.9584424477821574 0.2345532186832519 -0.2103871107101441 
y 1.044228100097675 1.041886917974725 3.528618319369914 0.6756735611119803 -0.06304621696472168 
y 0.41864799635393 0.4138606289480399 1.339841900377815 0.8811502973442075 -0.06304621696472167 
y 0.7564862221479416 0.7089342673619587 4.400979434450467 0.0204722411193264 -0.2307142615318298 
y 0.7564862221479416 0.7089342673619587 4.400979434450467 0.0204722411193264 -0.2307142615318298 
y 0.8363843827197949 0.8363838344812393 3.524864693482717 4.642963255445162 0.0007834434509277344 
y 1.02311909198761 1.023118853569031 1.593182921409607 21.43824195861816 0.0007834434509277344 
n
n
y 0.53964830438296 0.5047075351079304 0.9372932910919189 0.822848305106163 -0.18829345703125 
y 1.230940183003743 1.216057002544403 5.255331039428711 0.2877078751722971 -0.18829345703125 
y 1.154614347219467 1.122555357217789 0.9816793024539948 0.009988271445035935 -0.2338230013847351 
y 0.9013639211654664 0.8693537592887879 5.666736030578614 0.01276617348194122 -0.2338230013847351 
y 1.03243607878685 1.00402672290802 1.621232836414129 0.010737742530182 -0.2344832420349121 
y 1.03243607878685 1.00402672290802 1.621232836414129 0.010737742530182 -0.2344832420349121 
y 0.9167449692324827 0.8852336355821725 0.7255192339454094 0.02241960383551687 -0.2137946486473084 
y 1.172662242518446 1.146110811803328 5.123095775940722 0.04157301355036488 -0.2137946486473083 
y 0.9292672385406929 0.911462834744709 5.362154633346639 0.2488869684239314 -0.1550444960594178 
y 0.9250189122217019 0.9086752651195117 1.043025811081878 0.2535841505977343 -0.1550444960594178 
y 0.596555120967896 0.5905114837772409 4.010665473910746 2.377794346377918 0.08335971832275391 
y 1.113751625622039 1.110569808931939 4.205436787367381 1.95506074096759 0.08335971832275391 
y 0.6750361870676506 0.664268534378473 4.668956528193273 0.2467744554578678 -0.1165851354598999 
y 0.8200075688190974 0.8104537129948761 2.335180395580811 0.3395925310530641 -0.1165851354598999 
y 0.5287134416906709 0.5124070946384219 5.473631476438899 0.008610976449152442 -0.1250485181808472 
y 0.595785038017508 0.5787074399096339 2.427302031985393 0.01161591289431792 -0.1250485181808472 
y 0.3874453008174896 0.3828369677066803 0.3736668527126312 0.1903842687606812 -0.05957955121994019 
y 0.7434658547562938 0.7403235805611457 3.835151173414722 0.1788541786072235 -0.05957955121994019 
y 0.8670038878917694 0.859474370876948 3.62412232822842 0.663031882709927 0.1000270843505859 
y 0.8670038878917694 0.859474370876948 3.62412232822842 0.663031882709927 0.1000270843505859 
n
n
y 1.191489861758727 1.183316040527249 5.003842241224284 0.0003587171512695633 -0.1367999315261841 
y 0.6198683633227154 0.6028147710300301 4.168392145247489 0.0003631497918548949 -0.1367999315261841 
y 1.145319850352326 1.1398535852991 4.803552779760047 0.07642822086387045 -0.1103600263595581 
y 0.4852123448055553 0.4716897021157688 2.865215140258239 0.06877294646710573 -0.1103600263595581 
y 0.8772679177614359 0.8763324190408756 4.484088310828575 0.3054487835138272 0.03698086738586426 
y 0.3205395042896271 0.3183991014957428 3.013098001480103 0.4267880618572235 0.03698086738586426 
y 0.3565472066402435 0.3317329585552216 0.09012410789728165 0.001955195097252727 -0.1306871771812439 
y 1.119125691327182 1.11098156192086 4.956450635736639 0.007403867964802141 -0.1306871771812439 
y 1.013678493824872 1.008200630545616 4.194730726155368 1.464170401746576 0.1008105278015137 
y 1.013678493824872 1.008200630545616 4.194730726155368 1.464170401746576 0.1008105278015137 
y 0.7278210649183696 0.7257375573937904 4.275748474454276 0.1356976957416401 -0.05028122663497925 
y 0.4496053932545828 0.446629979661898 0.9276211968859461 0.06373748217393607 -0.05028122663497925 
y 1.202192366123199 1.198885089821285 4.850663926866319 0.2833406627178192 -0.08826637268066406 
y 1.202192366123199 1.198885089821285 4.850663926866319 0.2833406627178192 -0.08826637268066406 
y 0.6844037217753274 0.6703282594680786 5.233252593449183 0.003132444656720119 -0.1337959170341492 
y 0.6844037217753274 0.6703282594680786 5.233252593449183 0.003132444656720119 -0.1337959170341492 
y 0.6829500421881676 0.6666019583741823 4.012528469165166 0.005326032832575341 -0.1344561576843262 
y 0.6829500421881676 0.6666019583741823 4.012528469165166 0.005326032832575341 -0.1344561576843262 
y 0.9691207303720362 0.9609319488791859 4.279477156260434 0.01488444194033304 -0.1137675642967224 
y 0.9691207303720362 0.9609319488791859 4.279477156260434 0.01488444194033304 -0.1137675642967224 
y 0.8710779427213872 0.8688711283054757 4.058011132034849 0.1217977337618457 -0.05501741170883179 
y 0.8710779427213872 0.8688711283054757 4.058011132034849 0.1217977337618457 -0.05501741170883179 
y 0.7849398734683196 0.7482314795809991 3.300761145134576 5506.43442342982 0.2201596498489378 
y 0.807793046701236 0.7741640929466559 3.306236223370989 16651.70592826216 0.2201596498489383 
y 0.7939259440017934 0.7936496778286796 3.31860739208279 781.6373094161261 0.02021479606628418 
y 0.393459380663483 0.3929037216446626 3.302445877039483 957.1553271032766 0.02021479606628419 
y 0.9440621155788211 0.9439851617957227 2.403944704957018 25.47846608244491 0.01175141334533693 
y 0.401778475024561 0.4015526220435399 3.188895026820207 37.0281314510686 0.01175141334533691 
y 1.019786603556603 1.016644194918107 2.944802224392291 623.1315993490832 0.07722038030624395 
y 0.4043385794305955 0.3957706150125377 3.146052300689568 778.7496141827245 0.07722038030624374 
y 0.9259520518493409 0.8874773512202166 3.375734732601999 887.1337997915729 0.2368270158767699 
y 0.8938051718876072 0.8572613860978828 3.419902849426017 3123.315797865878 0.2368270158767701 
y 0.7373942976439717 0.7229626955753176 2.250647183845557 10746.7695448536 0.1367999315261841 
y 0.850168941268419 0.83648858732387 2.568405252116718 3344.042523557407 0.136799931526184 
y 0.4089457369070132 0.4089457369070132 3.134854051711741 1.211908925355691 0 
y 1.030989597333756 1.030989597333756 3.146253630810107 1.611845124421757 0 
y 1.103485413765823 1.103150524014129 3.811529168982846 289.7524666854021 0.02643990516662598 
y 0.4826938303706769 0.4818356063272576 3.140621715806216 373.6783153318733 0.02643990516662598 
y 0.7949219286992527 0.7680434308932398 3.225681893259559 631.8478174566858 0.1737807989120483 
y 0.7947417466312174 0.7686770486155482 3.752413888663999 1900.758603803039 0.1737807989120483 
y 0.7409496096175477 0.7409144364489441 3.20901266209351 22.18808264293217 0.006112754344940187 
y 0.777256022864393 0.7772244475675173 3.732732042682808 70.05711470681241 0.006112754344940185 
y 1.121323837116355 1.095082116437989 3.780060112602932 5077.933765385547 0.2376104593276978 
y 0.6731298580454761 0.6240093695821063 3.238437587201245 7663.856648092974 0.2376104593276979 
y 0.8215647351228356 0.815825133074801 3.27076073845446 213.9372403306978 0.08651870489120483 
y 0.6348149994350756 0.6257071650808635 2.950885380464142 670.0401598266383 0.08651870489120486 
y 1.090271942767312 1.089150460295831 4.690405808811335 717.8951403174759 0.04853355884552001 
y 0.4614657616285422 0.4585174629877224 3.517492626418389 524.1858366883824 0.04853355884552002 
y 0.7303961715366267 0.7303882950468908 3.706311143085926 18.18832323520999 0.003004014492034912 
y 0.7303961715366267 0.7303882950468908 3.706311143085926 18.18832323520999 0.003004014492034912 
y 0.5738921511402849 0.5738850369644384 3.395630421425664 24.97494746994559 0.00234377384185791 
y 0.7922636589330192 0.7922577951829289 3.168465331174897 7.848885980048303 0.002343773841857909 
y 0.5160483836063886 0.5153453216868211 3.39288483538926 45.47105869404373 0.02303236722946169 
y 1.150985321595677 1.150742191880207 4.272049746660693 63.84061304110574 0.02303236722946165 
y 0.4633535506102548 0.4546429800728132 3.168465086705635 329.9891872338557 0.08178251981735232 
y 1.042647627149051 1.039071529831511 3.376510199087434 480.6089762242759 0.08178251981735225 
y 0.7871135429212816 0.7625752905942358 2.934565345188171 24.38640440540867 0.1937197446823119 
y 0.8481215377212095 0.8214474938069094 2.964641429769161 48.2867423355349 0.1937197446823121 
y 0.8519549904031012 0.8519298664873215 2.478270257283562 5.512804924055218 -0.006225109100341799 
y 0.5262319593253085 0.5261930310117338 2.961222700742184 2.724277421029198 -0.006225109100341792 
y 0.5116397381706291 0.5113733437876193 3.527917827483558 0.13285212796052 -0.01468849182128906 
y 1.047878896515898 1.047770922738378 1.470006622208118 0.1502957233269212 -0.01468849182128906 
y 1.13908698392654 1.137909845434151 2.466903634182701 2.861764780923024 0.05078047513961792 
y 0.4650316748240647 0.4618871378366215 2.95424722149049 3.08575440969493 0.05078047513961787 
y 1.103361432924855 1.081114235617102 3.088177784211775 6.173218865801942 0.210387110710144 
y 0.4160305396184417 0.3578941028992372 3.598896121693645 8.848361066859498 0.210387110710144 
y 0.8749934541327612 0.8662279514329774 2.214571368481431 23.15823483467102 0.1103600263595581 
y 0.8749934541327612 0.8662279514329774 2.214571368481431 23.15823483467102 0.1103600263595581 
y 0.6980041475471539 0.6973227063160088 4.647195885136886 0.005309216548776969 -0.02643990516662597 
y 0.8775593217868138 0.8770370672420831 1.429927037791898 0.005765454353019195 -0.02643990516662602 
y 1.115885563674391 1.115885563674391 3.128803825731564 1.217782081951381 0 
y 0.4385804594981991 0.4385804594981991 3.072485709494868 1.411032939427573 0 
y 0.8202987241625781 0.8019908674722807 2.873533943170778 2.799989787405671 0.1473408937454224 
y 0.9125830066607371 0.8958865984029167 3.179552005378401 9.211753122272842 0.1473408937454222 
y 1.097987245774824 1.097787523945543 3.089658987969025 0.2123490500680318 -0.02032715082168579 
y 0.365920983320324 0.3652870655291518 2.877327372282134 0.1140956214387762 -0.02032715082168578 
y 1.191230508560959 1.172010101985223 3.327212139050931 23.51073999037895 0.2111705541610718 
y 0.6263149957846139 0.5855824022161972 2.998569558964682 35.76484572181755 0.2111705541610718 
y 0.7607373293936031 0.7574562689913894 3.033453839852037 0.7226606147299934 0.06007879972457886 
y 0.6934855302890743 0.6905318024532812 2.236557983060699 2.650941674048089 0.06007879972457885 
y 0.7245729472894964 0.7241121299469798 3.029924460179801 1.549230190926361 0.02209365367889405 
y 0.7826173539558492 0.7821827495805735 3.346300463268359 6.817107094274833 0.02209365367889404 
y 0.3837589347446597 0.3829774919656857 1.845034512053728 0.03535899795322792 -0.02343589067459106 
y 0.728908384592849 0.7284168445471272 3.568828284467308 0.06315833786826437 -0.02343589067459106 
y 1.057069750632532 1.056748363676428 2.24177153501293 0.1020935119449702 -0.02409613132476807 
y 0.4575449987885972 0.456779376935178 2.997460702321718 0.05205542656472702 -0.02409613132476807 
y 0.4413444595156257 0.4413288830458429 3.201612342550944 0.288085248562691 -0.003407537937164308 
y 1.167251542926145 1.167246287387876 3.278218180878467 0.2040776688576361 -0.003407537937164307 
y 0.4828143378694408 0.479057258110834 3.283528311319212 1.93426880332607 0.05534261465072633 
y 1.18101314504711 1.179654638006128 3.045122912221694 1.767183727560103 0.05534261465072634 
y 0.6400959559459716 0.6382513217896655 2.834457509884959 7.534386544814592 0.04637885093688968 
y 0.9737475917122232 0.9725329216983742 2.597667773663562 15.13566937371439 0.04637885093688965 
y 0.8668406720742431 0.8521126707436716 2.525346830031241 1.538885695995593 -0.1535660028457641 
y 0.5617608125543052 0.5393708147714271 2.415834778260396 0.9623136159365295 -0.1535660028457642 
y 0.9306846259810614 0.9149246789519413 1.273330753148472 0.04319114597670798 -0.1620293855667115 
y 0.5519721399067952 0.5216827836452241 5.000801573612944 0.04683048022699902 -0.1620293855667115 
y 0.8280518148021042 0.820439477205795 2.520968262311485 0.5352648574602793 -0.09656041860580436 
y 0.7486204441836415 0.7401041614943028 2.884665412741299 1.683709264450104 -0.0965604186058045 
y 0.9703274013187387 0.967641344222105 3.271543698796707 2.361905905778065 0.06304621696472168 
y 0.8277196059546025 0.8253147362443195 2.750250234263298 5.55888067627184 0.06304621696472168 
y 0.8539760128045694 0.8529999003960536 1.941959514831885 4.565422907853738 -0.03698086738586426 
y 1.228923797607422 1.228367328643799 1.625154376029968 9.46730899810791 -0.03698086738586426 
y 0.6928552460272225 0.6618187125651853 4.63076003333973 0.001787314848431412 -0.1737807989120483 
y 0.8827496446930331 0.8599705485240351 1.288933728189157 0.001592450976684544 -0.1737807989120483 
y 1.166632493426937 1.15685497557874 3.15057174266578 0.4462655674121611 -0.1473408937454222 
y 0.4513295225648978 0.4234940009141529 3.068235695026232 0.385277505684904 -0.1473408937454224 
y 0.7327069623383035 0.7327069623383035 3.396113842510831 2.394018964977833 0 
y 0.7481937570191324 0.7481937570191324 2.935116104083506 0.7563640735204371 0 
y 0.6831024716707362 0.6535943445925525 1.641452971406908 0.05958027641088991 -0.1676680445671082 
y 0.8908686811222059 0.8688360316185253 5.31641347576971 0.03577129414220444 -0.1676680445671081 
y 0.5074653530049902 0.502962981464349 3.071982587062837 6.996770148232441 0.0638296604156494 
y 1.114649032698691 1.112759721137462 3.42833733210272 10.99017012625109 0.06382966041564943 
y 0.6476095014059146 0.6372563063187082 4.65507537612695 0.3310656220071011 -0.08726209402084351 
y 0.8266356926350881 0.8206123070412329 2.543889947838792 0.3470529459269451 -0.08726209402084351 
y 0.6570183101453279 0.6415373353581679 3.929816488372652 0.9507010594794624 -0.1252472400665283 
y 1.362326264381409 1.35655665397644 4.753101825714111 0.8563624024391174 -0.1252472400665283 
y 0.8629369014297894 0.8425893916170467 4.909204347959601 0.02359436469116647 -0.1707767844200134 
y 0.7723450721340069 0.7510419346797375 1.179123656370435 0.01620818856742657 -0.1707767844200134 
y 0.8020571564528352 0.7779079328261184 1.073069791704896 0.01647583061977224 -0.1714370250701904 
y 0.7892134821736607 0.7654026567529795 5.375661672663932 0.03783060761760185 -0.1714370250701904 
y 0.6738986545541872 0.6510505376244606 1.419147658194247 0.06306701851501148 -0.1507484316825866 
y 0.839025244432515 0.8203059754650246 4.844927897747237 0.05739209626880396 -0.1507484316825867 
y 1.122351768975009 1.118311163203779 2.983698660997219 0.5451184393601903 -0.09199827909469606 
y 0.3741600453239704 0.3611422256974871 3.221795990032319 0.504910467558833 -0.09199827909469603 
y 0.7353555285387275 0.6999415206254695 3.020681446819627 486.7174193196553 0.2140468955039978 
y 0.8717448145664535 0.8413241357028075 2.968131734871753 143.4769482803137 0.2140468955039977 
y 0.7148505460131123 0.7146973334700625 2.791410320989058 38.22627150696647 0.014102041721344 
y 0.4353096655958333 0.4350771813895027 2.898874317410422 20.30377921153032 0.01410204172134399 
y 0.5946169273032026 0.5945844199598124 3.740756181663286 1.153240127004384 0.005638659000396729 
y 1.038973919631597 1.038957599097217 1.46007752093743 1.485149467723526 0.005638659000396727 
y 0.8186356689668624 0.8141431693035909 2.929698779259812 13.40515603159892 0.07110762596130372 
y 0.7732910427533698 0.7686568017764347 2.717559841753817 45.12395580455079 0.07110762596130372 
y 0.7564862221479416 0.7089342673619587 2.830183103680611 92.72976771990457 0.2307142615318298 
y 0.7564862221479416 0.7089342673619587 2.830183103680611 92.72976771990457 0.2307142615318298 
y 1.055577484269937 1.046044178307056 1.932929456233978 268.4163503646851 0.1306871771812439 
y 1.055577484269937 1.046044178307056 1.932929456233978 268.4163503646851 0.1306871771812439 
y 0.747936900379426 0.7479030033353705 2.506491462755577 0.049506637359199 -0.006112754344940186 
y 1.23603131403296 1.236016176070593 1.383220770319275 0.05387566855734958 -0.006112754344940186 
y 0.807836005034355 0.8074641915468069 2.884671841676419 11.80695514724805 0.02032715082168579 
y 0.807836005034355 0.8074641915468069 2.884671841676419 11.80695514724805 0.02032715082168579 
y 0.7616544751132407 0.7348783212464031 3.557282351139115 44.03409102486401 0.1676680445671082 
y 1.003756880760193 0.9896541833877563 4.580140113830566 147.4906616210938 0.1676680445671082 
n
n
y 0.8873538017272949 0.8514345979690552 2.938981466293335 256.0984024047851 0.2314977049827576 
y 0.8873538017272949 0.8514345979690552 2.938981466293335 256.0984024047851 0.2314977049827576 
n
n
y 0.5655618558327357 0.5632506691747241 3.061589340368907 27.54869275622897 0.04242080450057983 
y 1.329371571540833 1.328694581985474 4.765068054199219 98.17450714111328 0.04242080450057983 
y 0.7453099595724924 0.7452996625034042 2.782636245321334 0.4165082557003731 -0.003108739852905273 
y 0.750051097116306 0.7500444073769426 3.217164672267427 0.4786737856457615 -0.003108739852905274 
y 0.7704371437430382 0.7704251312783785 2.37628236413002 0.8307628929615021 -0.003768980503082275 
y 0.7704371437430382 0.7704251312783785 2.37628236413002 0.8307628929615021 -0.003768980503082275 
y 0.7781260933696743 0.7778427803655688 2.898417671112359 2.405010376995102 0.01691961288452148 
y 0.8096383439117889 0.8093528855429704 2.862309599031303 0.7988796827245671 0.01691961288452149 
y 0.7400575107998318 0.7341385871171952 3.06632079217169 14.29000731044346 0.07566976547241211 
y 1.124519824981689 1.121971011161804 4.637264251708984 118.7656173706055 0.07566976547241211 
y 1.023644791054845 1.023488067201786 2.761151106845439 2.001244905410547 -0.01745080947875977 
y 0.5018384535233495 0.5015286399011363 2.623017901680306 1.524057353918895 -0.01745080947875975 
y 0.6744316741623303 0.6377943447032937 0.9066750975393807 0.1483971418418234 -0.2173956632614136 
y 0.7754272641960097 0.7416598994464587 3.915489016088646 0.2151246071684046 -0.2173956632614136 
y 0.9912958016636175 0.9627172843031927 0.9213197377313852 0.007403106256195883 -0.2258590459823608 
y 0.6864265525027324 0.64194292849616 5.704951625121267 0.005884837844764421 -0.2258590459823608 
y 0.7266409461813529 0.7033755991766371 5.192963177652866 0.1050526890524191 -0.1603900790214538 
y 0.9526130878035672 0.9362024621567099 1.088448999320081 0.1324861139521588 -0.1603900790214538 
y 1.104407685346959 1.104407404854508 3.088909533291058 0.4241936949370422 -0.0007834434509277344 
y 0.2901766859343262 0.2901756074627791 2.246313710938585 0.3097952976380703 -0.0007834434509277345 
y 1.013678493824872 1.008200630545616 1.909936010837555 1.021672065962445 -0.1008105278015137 
y 1.013678493824872 1.008200630545616 1.909936010837555 1.021672065962445 -0.1008105278015137 
y 0.9252685022786048 0.8895664931689085 1.014546700220325 0.0003032449316867769 -0.2376104593276975 
y 0.7840021435925516 0.7395761143052089 5.511925126735035 0.0002311865114327665 -0.2376104593276976 
y 0.8176978667618383 0.7839131155689311 5.390938570381246 0.05311858545546055 -0.2111705541610718 
y 0.9842839135682643 0.9575331442264549 0.9514771989373388 0.05576508110913848 -0.2111705541610718 
y 0.8062431503159306 0.8030546287507825 0.9640471226286836 0.1988045624677209 -0.06382966041564939 
y 0.7342549738255372 0.7306948261077011 5.309682641372328 0.1993467008859407 -0.06382966041564944 
y 0.7533556741270293 0.7111604288169039 0.8180797736833681 0.005729009248713982 -0.2314977049827576 
y 0.9926379709676777 0.9616499392544651 5.278601275139488 0.006166979855803931 -0.2314977049827576 
n
n
y 0.7956087460769197 0.7771903585009635 1.029189159750506 0.09597480859011744 -0.151091754436493 
y 0.92294290737058 0.9060195105254935 4.479730125090671 0.08407529537222627 -0.1510917544364929 
y 0.7948266588724577 0.7675449022879968 4.809667784434099 0.116187111976055 -0.1890769004821777 
y 0.7948266588724577 0.7675449022879968 4.809667784434099 0.116187111976055 -0.1890769004821777 
y 0.8417354183537619 0.8058859535626002 0.8446714500231407 0.003706931643786707 -0.2346064448356628 
y 0.9593741638319836 0.9243567415646148 5.404075690678188 0.001713346640047218 -0.2346064448356629 
y 0.919606660803159 0.8868062670032183 0.6490076435729861 0.00342281193297822 -0.2352666854858398 
y 0.7695371985435486 0.7310830235481263 5.745397472381592 0.002923470473615453 -0.2352666854858398 
y 1.058087037084106 1.031625552223292 5.269119947330799 0.009684776687088458 -0.2145780920982361 
y 0.8418129638185919 0.8070351402572167 0.9249152437383334 0.01318953383986724 -0.2145780920982361 
y 0.8881473855064748 0.870081332963263 1.077657524302037 0.08348932881924837 -0.1558279395103455 
y 0.789393384263521 0.7699825261959925 5.505728896100629 0.07944505370899665 -0.1558279395103454 
y 0.6380157797311649 0.6210215359665265 2.935262381170492 28.17183903607742 0.1336409449577332 
y 1.056229299217487 1.047731683171862 4.535075116000902 82.84001113089252 0.1336409449577332 
y 0.5575741527862941 0.5533055098022066 3.530423941651251 3.278600205682696 -0.06630390882492064 
y 0.8149110367952952 0.8121466432514418 0.8386625872718579 4.004408674634909 -0.06630390882492065 
y 0.9373451276453724 0.9335347603462447 1.166826503830905 0.1237009067492438 -0.07476729154586793 
y 0.6410039749084929 0.6357986303553846 5.176035714591011 0.111211793866141 -0.07476729154586793 
y 0.8639615709054445 0.8638947365202204 2.22524833489661 2.893910333054913 -0.009298324584960936 
y 1.329012527152967 1.328979839777763 1.280522081987702 6.983287293130371 -0.009298324584960938 
n
n
y 0.6145551621913911 0.6120718061923981 2.242005324363709 11.98651809692383 0.05028122663497925 
y 0.4592681229114532 0.4565073847770691 4.3972487449646 31.25429534912109 0.05028122663497925 
y 0.8733978744587191 0.8677867356267666 1.058278247325637 0.00571538429151061 -0.08651870489120486 
y 0.6879042745773545 0.6806958249317215 5.058152584796342 0.006131484685338195 -0.08651870489120483 
y 0.5447231997059507 0.5407510834014807 3.135563595072436 1.26698308677196 -0.06007879972457886 
y 1.07093790979224 1.068990737978678 3.883868427262092 1.871759489818469 -0.0600787997245789 
y 0.8159545117037031 0.8095004308108745 3.055641126874752 2.836625609479421 0.08726209402084351 
y 0.8130934879660526 0.8071189546702737 2.895819889797811 8.47999572698105 0.08726209402084352 
n
n
y 0.8641732908212222 0.8465598982114059 2.645511741821583 18.86838377439059 0.1510917544364929 
y 0.8641732908212222 0.8465598982114059 2.645511741821583 18.86838377439059 0.1510917544364929 
y 0.8238048066241765 0.8238048066241765 3.267617871658771 1.392013221840756 0 
y 0.8034586594555138 0.8034586594555138 3.23471965226516 0.5595672964903666 0 
n
n
y 0.6799492474113191 0.6726953600134168 2.824939974716731 0.07137142866849899 -0.08351469039916992 
y 0.6799492474113191 0.6726953600134168 2.824939974716731 0.07137142866849899 -0.08351469039916992 
y 0.7871244907379151 0.7824755966663361 2.584639666974545 0.05089476127177477 -0.08417493104934692 
y 0.7871244907379151 0.7824755966663361 2.584639666974545 0.05089476127177477 -0.08417493104934692 
y 0.7725400262408786 0.7694844139946831 2.254510903110106 0.1404333172572984 -0.06348633766174316 
y 0.7725400262408786 0.7694844139946831 2.254510903110106 0.1404333172572984 -0.06348633766174316 
y 0.3235041345289377 0.323463936915972 3.768589473261003 1.367883380740311 -0.004736185073852538 
y 0.8545072748757353 0.8544913687161458 3.085653209119683 1.499817555088245 -0.00473618507385254 
y 0.7198188701232602 0.6982312395026302 2.498365610839022 9.508634738412884 0.171626091003418 
y 0.8603992071498209 0.8406184080618706 2.170159802131975 25.91147963639219 0.171626091003418 
y 0.5995898544788361 0.5988526514598301 1.766518649600801 1.777711032047158 -0.02831876277923584 
y 0.5391700267791748 0.5384258031845093 1.261194944381714 16.67306137084961 -0.02831876277923584 
y 0.8971373789012432 0.8962947174906731 1.432181203365326 0.06648609228432178 -0.03678214550018311 
y 0.219103217124939 0.2159937471151352 5.447985649108887 0.2201638668775558 -0.03678214550018311 
y 0.8979249899275601 0.8972934307530522 1.966556571424007 1.027708560694009 0.02868682146072388 
y 0.8979249899275601 0.8972934307530522 1.966556571424007 1.027708560694009 0.02868682146072388 
y 1.03001298192902 1.007917741171203 2.672644184582909 3.943505428644739 0.18829345703125 
y 0.5958567557273218 0.5653113124176735 3.943648339080088 0.9341946194288657 0.18829345703125 
y 1.202192366123199 1.198885089821285 1.709071212344699 4.451876335673862 0.08826637268066406 
y 1.202192366123199 1.198885089821285 1.709071212344699 4.451876335673862 0.08826637268066406 
y 1.08397009963004 1.082840037428847 1.536037859391457 0.003128070593087265 -0.04853355884551998 
y 0.4518833398903694 0.4488889540074052 2.405478456583526 0.002911398670136754 -0.04853355884552003 
y 1.153068062547067 1.152853000761525 1.608954074679168 0.6366634389564557 -0.02209365367889404 
y 0.4515678481638456 0.4509481651094875 3.386191521410662 1.140391877030183 -0.02209365367889404 
y 0.6557899713516235 0.6437186002731323 1.716087698936462 8.748734474182129 0.1252472400665283 
y 0.6942044308311061 0.679055127658342 2.43618947581241 1.4692483701204 0.1252472400665283 
y 0.6095363077343241 0.6070272621363381 3.427753577786959 0.02513202479579497 -0.04242080450057983 
y 0.717557237900998 0.7162524455288011 2.77503726374581 0.2174143992992292 -0.04242080450057983 
y 0.7948266588724577 0.7675449022879968 2.634719023337731 17.74118108015794 0.1890769004821777 
y 0.7948266588724577 0.7675449022879968 2.634719023337731 17.74118108015794 0.1890769004821777 
n
n
n
n
y 0.6941572758886548 0.6922592305474811 1.22961460881763 0.03234699813442098 -0.04552954435348511 
y 0.3145675659179688 0.3112552464008331 4.298207759857178 0.1228079050779343 -0.04552954435348511 
y 0.7009803156057993 0.6990978370110194 0.9398403863112131 0.09394383849576116 -0.04618978500366211 
y 0.7009803156057993 0.6990978370110194 0.9398403863112131 0.09394383849576116 -0.04618978500366211 
y 0.2016939073801041 0.2000752985477448 5.956794738769531 0.1477815210819244 -0.02550119161605835 
y 0.5679749175906181 0.567249243458112 2.975219812244177 0.1319770022916297 -0.02550119161605835 
y 1.00556753143052 1.004989419379326 1.764303866250574 0.5241822362663137 0.03324896097183228 
y 0.3903874347675848 0.3887849860553282 3.347324333762201 0.8835583839451469 0.03324896097183228 
y 0.8402341400411071 0.8106781380415859 3.039769834157821 553.3212695489065 0.2171556353569031 
y 0.4013960436683238 0.3320119951124922 3.302686227324699 903.7194857364519 0.217155635356903 
y 0.6943911064447851 0.6941550322264667 2.045145751313472 63.60573569785847 0.01721078157424927 
y 0.2954845840194683 0.2949607325458967 2.964172349450021 78.76291693131874 0.01721078157424926 
y 0.5560499582050451 0.5559325416141482 2.151220095802599 2.975369692738377 0.008747398853302002 
y 0.5560499582050451 0.5559325416141482 2.151220095802599 2.975369692738377 0.008747398853302002 
y 0.7178800702095032 0.7140334248542786 2.092564105987549 168.4195709228516 0.07421636581420898 
y 0.7762299859896302 0.7718201128300279 2.678306823363528 54.29584184288979 0.07421636581420898 
y 1.037535081307093 1.005216509103775 3.45341059896681 152.2706701490614 0.2338230013847351 
y 0.9420756101608276 0.9125970005989075 2.161381721496582 65.75090789794922 0.2338230013847351 
y 0.6844037217753274 0.6703282594680786 2.091659954616002 431.0463256835938 0.1337959170341492 
y 0.6844037217753274 0.6703282594680786 2.091659954616002 431.0463256835938 0.1337959170341492 
y 1.023659411304533 1.023654924069573 2.194316481003473 0.08138123974057779 -0.003004014492034913 
y 0.512310774234411 0.5123003773231756 2.958533786404221 0.112231955861919 -0.00300401449203491 
y 0.6345402770317519 0.6339694740107427 3.339182866020845 29.40100850508763 0.02343589067459106 
y 0.6345402770317519 0.6339694740107427 3.339182866020845 29.40100850508763 0.02343589067459106 
y 0.8090717881112486 0.7881560704192601 3.285686198118571 94.58587527919461 0.1707767844200134 
y 0.8090717881112486 0.7881560704192601 3.285686198118571 94.58587527919461 0.1707767844200134 
y 0.7360083132982255 0.7360006272792816 3.487131083011628 2.19763662815094 0.003108739852905273 
y 0.8789699673652649 0.8789644837379456 2.604289531707764 11.37314128875732 0.003108739852905273 
y 0.880948333513169 0.8453762162299383 3.411670361246381 491.3356432233538 0.2346064448356628 
y 0.880948333513169 0.8453762162299383 3.411670361246381 491.3356432233538 0.2346064448356628 
y 0.7109596177475278 0.70185914143377 2.967473232083359 10.66706199533349 0.08351469039916991 
y 0.6568901822019665 0.6510094036629369 1.936431022339505 19.46391109301769 0.08351469039916995 
y 0.6465369330512153 0.6444259633620579 4.013945937156677 33.94670581817627 0.04552954435348511 
y 0.7431506514549255 0.7417546510696411 4.371967315673828 162.5609893798828 0.04552954435348511 
y 0.1288702866271877 0.1288702866271877 3.219927378270922 1.05313911511509 0 
y 0.7875333100453645 0.7875333100453645 3.94901998233907 1.698009740390995 0 
y 0.4169430055401542 0.4169423945925453 2.492347298697992 1.038879730484702 -0.000660240650177002 
y 0.3577869534492493 0.3577863574028015 0.1201557815074921 0.7259302735328674 -0.000660240650177002 
y 0.6655430020320983 0.6650847664901188 4.367149977456956 4.29373052006676 0.02002835273742676 
y 0.6655430020320983 0.6650847664901188 4.367149977456956 4.29373052006676 0.02002835273742676 
y 0.6950950108113743 0.689400519643511 3.241234103838603 30.12547545205979 0.07877850532531738 
y 0.6950950108113743 0.689400519643511 3.241234103838603 30.12547545205979 0.07877850532531738 
y 0.823417811605318 0.7935122492363184 3.280153622429845 478.296397098855 0.2178158760070801 
y 0.9904496554287467 0.9625364598046019 3.321497773814032 1155.742331094704 0.2178158760070801 
y 0.4303641290697333 0.4299443686661655 3.070288963513832 64.71637819891106 0.01787102222442627 
y 0.1675608307123184 0.1666051000356674 3.242652893066406 323.2356567382812 0.01787102222442627 
y 0.6705684161248293 0.6704959018965482 2.364302999071682 2.065263835604201 0.009407639503479006 
y 0.2245933793638491 0.2243693448333662 3.083129683270661 2.474341481153233 0.009407639503479002 
y 0.7920522885145368 0.7877820484541559 3.162157103822038 53.20266795802761 0.07487660646438599 
y 1.313485383987427 1.311349391937256 2.120809555053711 153.3467712402344 0.07487660646438599 
y 1.028128746962352 0.9986050525124016 3.206849439519646 180.0485370388236 0.2344832420349121 
y 1.036751293148636 1.009458315111569 3.806075096658394 75.52755377571467 0.2344832420349121 
y 0.6829500421881676 0.6666019583741823 2.965330878893534 330.4246222178141 0.1344561576843262 
y 0.6829500421881676 0.6666019583741823 2.965330878893534 330.4246222178141 0.1344561576843262 
y 0.2965287031889332 0.2965181723857191 3.345561250912331 0.09001973164666886 -0.002343773841857909 
y 0.9337919394378618 0.9337882402080618 2.899170090665572 0.1218196219690775 -0.002343773841857911 
y 0.8038010156176133 0.8032910366834225 3.495158241868143 22.44266995117466 0.02409613132476806 
y 0.541290062699417 0.5406078621687406 4.447271641349855 127.2170980019369 0.02409613132476807 
y 1.138269405409951 1.124954590882975 3.565246928330515 91.18626720706217 0.1714370250701905 
y 0.5310277842846239 0.4986685064743313 3.341739807377893 70.59309442361089 0.1714370250701904 
y 0.7704371437430382 0.7704251312783785 3.722679248877934 1.574454418250492 0.003768980503082275 
y 0.7704371437430382 0.7704251312783785 3.722679248877934 1.574454418250492 0.003768980503082275 
y 0.8937326155859848 0.8599574319247542 3.585980341352265 560.6085486576475 0.2352666854858398 
y 0.8937326155859848 0.8599574319247542 3.585980341352265 560.6085486576475 0.2352666854858398 
y 0.7871244907379151 0.7824755966663361 2.584639620780945 26.97750730514527 0.08417493104934692 
y 0.7871244907379151 0.7824755966663361 2.584639620780945 26.97750730514527 0.08417493104934692 
y 0.6637870469011142 0.6620625731832087 4.082556669786411 9.076027273068453 0.04618978500366211 
y 0.7381652281401939 0.7361247801673195 4.080309698224315 63.50392765496066 0.04618978500366211 
y 0.4120133345325788 0.4120127248267332 3.341862171888351 1.338497504591942 0.000660240650177002 
y 0.4120133345325788 0.4120127248267332 3.341862171888351 1.338497504591942 0.000660240650177002 
n
n
y 0.6318612762472846 0.6313139647245407 2.920868400822986 2.645346229726618 0.02068859338760376 
y 0.4281427562236786 0.4276426136493683 4.222171306610107 23.81928253173828 0.02068859338760376 
y 0.9398758964809387 0.9361929588643623 3.213046421720588 27.84034087341421 0.07943874597549437 
y 0.3509021385759928 0.3403427025713049 3.427506336363856 35.05582122109271 0.07943874597549438 
y 0.8518151485346305 0.825301148940526 3.103479951873153 118.3339180879993 0.1971272826194763 
y 0.8233253130718245 0.798291465061043 2.652566649297018 350.6510354699738 0.1971272826194763 
y 0.914939099421359 0.9149345566152468 2.348263055531505 20.76325652590734 -0.002817571163177491 
y 0.4611857458295313 0.4611766140003355 2.482291047156012 28.37008295129266 -0.002817571163177489 
y 0.4485093722474272 0.4483451958144985 1.598302994504206 0.6214127711937982 -0.01128095388412476 
y 0.8407589231678755 0.840656997735527 2.411400061147097 0.8816239505441801 -0.01128095388412476 
y 0.5149742221011514 0.5115250484390848 3.375057404935061 17.06347193987996 0.0541880130767822 
y 1.153221996769876 1.151902026786186 2.179409124060574 18.49061134991247 0.05418801307678225 
y 1.036109844238004 1.009705371060183 3.129568187371233 30.38582753515528 0.2137946486473083 
y 1.058513185642134 1.025244269269532 3.504435678537204 93.9719879632358 0.2137946486473083 
y 1.003226609900594 0.9954991517588496 2.092692151665688 106.6790354251862 0.1137675642967224 
y 0.4234266579151154 0.4078567028045654 4.710517406463623 1436.447265625 0.1137675642967224 
y 0.6013413449785112 0.6006959434679573 3.003969095046209 0.03644531731837703 -0.02303236722946168 
y 1.125936667237297 1.1256854741433 1.602359619139095 0.02801512876792421 -0.02303236722946165 
y 0.4090103564440483 0.4089939286897223 3.402490741058061 5.608018477336926 0.003407537937164307 
y 1.081380367733863 1.08137424008277 3.037256329720797 11.56483155144914 0.003407537937164308 
y 1.107414153401796 1.096434705366668 2.665769749337194 48.0810106557888 0.1507484316825867 
y 0.4682429024228791 0.4395034185135261 3.521914849595162 26.43558734094104 0.1507484316825867 
y 0.8485539866141751 0.8482722944339289 3.060117056083083 1.112166388409502 -0.01691961288452148 
y 0.4998847305288727 0.4995826450735206 2.731818551839051 2.087870950527223 -0.01691961288452148 
y 0.9519290645071801 0.9213855108048054 3.069927814158988 154.710022784294 0.2145780920982361 
y 0.9519290645071801 0.9213855108048054 3.069927814158988 154.710022784294 0.2145780920982361 
y 0.8238145709037781 0.8210776410996914 3.282683849334717 7.296729505062103 0.06348633766174316 
y 0.3623436689376831 0.3567385971546173 3.45390510559082 15.41157913208008 0.06348633766174316 
y 0.5397994552667325 0.5390050938496224 3.929554645831769 15.66767657720126 0.02550119161605835 
y 0.5397994552667325 0.5390050938496224 3.929554645831769 15.66767657720126 0.02550119161605835 
y 0.6655430020320983 0.6650847664901188 2.123155229148411 0.4321351469982238 -0.02002835273742676 
y 0.6655430020320983 0.6650847664901188 2.123155229148411 0.4321351469982238 -0.02002835273742676 
y 0.5883006674255823 0.5877250826241839 3.736903702594036 0.5349594610279349 -0.02068859338760376 
y 0.8600151464566501 0.8596769887016328 0.9990014798052259 0.4315760195540662 -0.02068859338760376 
n
n
y 0.9522432931234771 0.9501107680794602 3.145082481138535 13.09955907493014 0.05875015258789065 
y 0.4369693298928936 0.4319087073735414 3.179784646619237 6.997424619753111 0.05875015258789065 
y 0.9269276998452881 0.9159824196765538 3.07650907333506 23.14204370135213 0.1383771300315859 
y 0.5010411394060563 0.4801298175830851 3.159228011898933 29.06498026191145 0.1383771300315856 
y 0.9124870349602834 0.9102838261351387 2.953697546649559 2.811224642388657 -0.0615677237510681 
y 0.4722873445533406 0.4680156359950763 2.998880253851061 2.920580151798267 -0.06156772375106812 
y 1.016638830174741 1.014102403316116 1.358043637195474 0.0995906753283072 -0.07003110647201538 
y 0.5296831462433984 0.5235516775914345 3.394034912144198 0.1108249340169492 -0.07003110647201539 
y 1.171130429939785 1.171121187210573 2.461139926942122 1.885777136740461 -0.004562139511108403 
y 0.4826802699037352 0.4826538828194443 3.155318999204503 2.434458858746149 -0.004562139511108396 
y 0.6052358930271614 0.5841535459217677 2.602946487228974 12.62517777676514 0.1550444960594177 
y 0.9539481497137895 0.9373374803207994 3.42134358787502 5.475240028989303 0.1550444960594178 
y 0.8710779427213872 0.8688711283054757 2.11958158713706 16.84706661802657 0.05501741170883179 
y 0.8710779427213872 0.8688711283054757 2.11958158713706 16.84706661802657 0.05501741170883179 
y 0.7590727804594709 0.7531493421267313 1.336965489423533 0.004666004971351498 -0.08178251981735238 
y 0.7229727276825126 0.7163696726697821 4.814238410886874 0.004461993349324069 -0.08178251981735221 
y 0.4726325019524815 0.4688129831522149 2.989715829513647 0.9006228537518886 -0.05534261465072635 
y 1.160313072358503 1.158904720247465 3.354830051803984 1.146779940215919 -0.05534261465072636 
y 0.9965062347833301 0.9916906178659878 3.426352911760755 13.86437207806547 0.09199827909469604 
y 0.7418604572029871 0.733245570074069 3.293776395661709 3.387806617253604 0.09199827909469603 
y 1.061361653335799 1.058460333133693 3.322037739623282 0.1364254218216888 -0.07566976547241212 
y 0.3408067245465091 0.3311260971948957 2.811884780933569 0.06686295662930924 -0.07566976547241208 
y 0.4610337194724588 0.4320533490208642 3.157273772588759 16.75006279795162 0.1558279395103454 
y 1.112976262585542 1.101488742535561 3.640330781398316 22.33200450620297 0.1558279395103454 
y 0.5773651378193738 0.577341331402335 3.013962183784549 1.386305318687803 0.004736185073852539 
y 1.257350927485719 1.257341933717403 3.599456300959588 1.033007999786552 0.004736185073852539 
y 0.3910768356700129 0.3894763121724577 2.712741864483567 1.990951003968322 -0.03324896097183227 
y 1.006757269255314 1.006179942130461 4.910262592583178 2.309793952477339 -0.03324896097183226 
y 0.7007567338508179 0.6952409275472882 1.336856426895484 0.04652711034688573 -0.07877850532531741 
y 0.688967434208431 0.6830795557649336 4.679289257326787 0.06421445803516419 -0.07877850532531736 
y 0.6850778390735131 0.6781710560845204 1.182802532812421 0.05197444153540734 -0.0794387459754944 
y 0.6852826936048622 0.6788854814251682 5.391049976129004 0.07351009869580646 -0.07943874597549436 
y 0.5437402671874698 0.5403934285440364 0.5756801800399499 0.1140714246862655 -0.05875015258789062 
y 0.7633059868513202 0.7598306042154869 3.640989699037351 0.1754607946440194 -0.05875015258789062 
n
n
