17 2 5
y 0.001190601944757842 0 0 0 0 
y 0 0.001190601944757842 0 0 0 
y 0 0 2.50723155658418 0 0 
y 0 0 0 0.6620796503075256 0 
y 0 0 0 0 2.220446049250313e-16 
y 0.02013416561395587 0 0 0 0 
y 0 0.02013416561395587 0 0 0 
y 0 0 2.482997875461736 0 0 
y 0 0 0 1.958661420398788 0 
y 0 0 0 0 2.220446049250313e-16 
y 0.04397218054774381 0 0 0 0 
y 0 0.0483105655035885 0 0 0 
y 0 0 0.1816405652820919 0 0 
y 0 0 0 0.02011134984010409 0 
y 0 0 0 0 2.220446049250313e-16 
y 0.03515366012503293 0 0 0 0 
y 0 0.03914660288536689 0 0 0 
y 0 0 0.1680299183848419 0 0 
y 0 0 0 0.02650431179668734 0 
y 0 0 0 0 2.220446049250313e-16 
y 0.05022444057898095 0 0 0 0 
y 0 0.05439382018326298 0 0 0 
y 0 0 0.1525634128739897 0 0 
y 0 0 0 2.401511512463494e-05 0 
y 0 0 0 0 2.220446049250313e-16 
y 0.0451773894870264 0 0 0 0 
y 0 0.05033812617889274 0 0 0 
y 0 0 0.1194865235220306 0 0 
y 0 0 0 1.976508779721183e-05 0 
y 0 0 0 0 2.220446049250313e-16 
y 0.06782406993152623 0 0 0 0 
y 0 0.07101076094686175 0 0 0 
y 0 0 0.2811693140316885 0 0 
y 0 0 0 0.01185940249507415 0 
y 0 0 0 0 2.220446049250313e-16 
y 0.08195831505692075 0 0 0 0 
y 0 0.08516619293065235 0 0 0 
y 0 0 0.2724964434184735 0 0 
y 0 0 0 0.009960459330502243 0 
y 0 0 0 0 2.220446049250313e-16 
y 0.07034001296693643 0 0 0 0 
y 0 0.07038519857389779 0 0 0 
y 0 0 2.120799418114285 0 0 
y 0 0 0 0.01991836324541597 0 
y 0 0 0 0 2.220446049250313e-16 
y 0.01428809849251711 0 0 0 0 
y 0 0.01430123771506339 0 0 0 
y 0 0 2.020871783153377 0 0 
y 0 0 0 0.06247584140944584 0 
y 0 0 0 0 2.220446049250313e-16 
y 0.04416856738629216 0 0 0 0 
y 0 0.04459283080048443 0 0 0 
y 0 0 0.5472779231451046 0 0 
y 0 0 0 0.06467284811443069 0 
y 0 0 0 0 2.220446049250313e-16 
y 0.003462697960588056 0 0 0 0 
y 0 0.003553267825508719 0 0 0 
y 0 0 3.668064243354153 0 0 
y 0 0 0 0.5572270827017231 0 
y 0 0 0 0 2.220446049250313e-16 
y 0.06117906089218681 0 0 0 0 
y 0 0.06768708594060241 0 0 0 
y 0 0 0.2895984944210303 0 0 
y 0 0 0 3.998296580431528e-08 0 
y 0 0 0 0 2.220446049250313e-16 
y 0.06453661363831431 0 0 0 0 
y 0 0.07239927406170713 0 0 0 
y 0 0 0.518080276527855 0 0 
y 0 0 0 4.386916384775902e-08 0 
y 0 0 0 0 2.220446049250313e-16 
y 0.05570978619253723 0 0 0 0 
y 0 0.05953723624967723 0 0 0 
y 0 0 0.2114977972370377 0 0 
y 0 0 0 0.002612896084990522 0 
y 0 0 0 0 2.220446049250313e-16 
y 0.05935104731750553 0 0 0 0 
y 0 0.06325191023028084 0 0 0 
y 0 0 0.1775290141088476 0 0 
y 0 0 0 0.001691229163586579 0 
y 0 0 0 0 2.220446049250313e-16 
y 0.0211831214538502 0 0 0 0 
y 0 0.02121456850898663 0 0 0 
y 0 0 2.230509245898079 0 0 
y 0 0 0 0.005014837162330174 0 
y 0 0 0 0 2.220446049250313e-16 
y 0.0355961729478453 0 0 0 0 
y 0 0.03581440988359459 0 0 0 
y 0 0 4.214260296058363 0 0 
y 0 0 0 0.03728405804418761 0 
y 0 0 0 0 2.220446049250313e-16 
y 0.08026600266976196 0 0 0 0 
y 0 0.08574312019739455 0 0 0 
y 0 0 0.1957691578079733 0 0 
y 0 0 0 1.181190502788922e-05 0 
y 0 0 0 0 2.220446049250313e-16 
y 0.06226865205028392 0 0 0 0 
y 0 0.06842529891529259 0 0 0 
y 0 0 0.1622630798755474 0 0 
y 0 0 0 4.509699731646784e-05 0 
y 0 0 0 0 2.220446049250313e-16 
y 0.03356688298112914 0 0 0 0 
y 0 0.03357738669559734 0 0 0 
y 0 0 2.281566957960365 0 0 
y 0 0 0 0.6235909617452754 0 
y 0 0 0 0 2.220446049250313e-16 
y 0.005815615106924084 0 0 0 0 
y 0 0.005822447569452214 0 0 0 
y 0 0 2.278575235782834 0 0 
y 0 0 0 0.7171683986605182 0 
y 0 0 0 0 2.220446049250313e-16 
y 0.07353803026974914 0 0 0 0 
y 0 0.0771908456635529 0 0 0 
y 0 0 1.145720962143292 0 0 
y 0 0 0 0.005146701366252082 0 
y 0 0 0 0 2.220446049250313e-16 
y 0.06706793395717887 0 0 0 0 
y 0 0.07047017410714511 0 0 0 
y 0 0 0.223917924234094 0 0 
y 0 0 0 0.0007399141897197274 0 
y 0 0 0 0 2.220446049250313e-16 
y 0.04932909939782999 0 0 0 0 
y 0 0.05196476876983779 0 0 0 
y 0 0 1.794473919313509 0 0 
y 0 0 0 0.01296858261350233 0 
y 0 0 0 0 2.220446049250313e-16 
y 0.04932909939782999 0 0 0 0 
y 0 0.05196476876983779 0 0 0 
y 0 0 1.794473919313509 0 0 
y 0 0 0 0.01296858261350233 0 
y 0 0 0 0 2.220446049250313e-16 
y 0.06538173071615491 0 0 0 0 
y 0 0.07600778590281133 0 0 0 
y 0 0 1.084449866568647 0 0 
y 0 0 0 8.101475427699976e-06 0 
y 0 0 0 0 2.220446049250313e-16 
y 0.0459122649735432 0 0 0 0 
y 0 0.0528921155185799 0 0 0 
y 0 0 0.2192204434401747 0 0 
y 0 0 0 9.57022407571765e-06 0 
y 0 0 0 0 2.220446049250313e-16 
y 0.04462190135768723 0 0 0 0 
y 0 0.04756619971726588 0 0 0 
y 0 0 0.1463870336723387 0 0 
y 0 0 0 1.186037229463568e-05 0 
y 0 0 0 0 2.220446049250313e-16 
y 0.03688563710216677 0 0 0 0 
y 0 0.03923973376864372 0 0 0 
y 0 0 0.09439424020312069 0 0 
y 0 0 0 7.753275023848823e-06 0 
y 0 0 0 0 2.220446049250313e-16 
y 0.06821041962726089 0 0 0 0 
y 0 0.0722597036688116 0 0 0 
y 0 0 0.2122168310264147 0 0 
y 0 0 0 6.32719862268956e-05 0 
y 0 0 0 0 2.220446049250313e-16 
y 0.05389213279231898 0 0 0 0 
y 0 0.05801836372745597 0 0 0 
y 0 0 0.1743420753859717 0 0 
y 0 0 0 6.835774109403813e-05 0 
y 0 0 0 0 2.220446049250313e-16 
y 0.08377840983952031 0 0 0 0 
y 0 0.08709926089292311 0 0 0 
y 0 0 0.2482185354672829 0 0 
y 0 0 0 0.004544363380787023 0 
y 0 0 0 0 2.220446049250313e-16 
y 0.07558068265285935 0 0 0 0 
y 0 0.07889367156081731 0 0 0 
y 0 0 0.2269019510767564 0 0 
y 0 0 0 0.004763100300635661 0 
y 0 0 0 0 2.220446049250313e-16 
y 0.03455350336630372 0 0 0 0 
y 0 0.03645616957523008 0 0 0 
y 0 0 0.8879617448729737 0 0 
y 0 0 0 106.1115613306135 0 
y 0 0 0 0 2.220446049250313e-16 
y 0.003900500284569216 0 0 0 0 
y 0 0.004811169725273519 0 0 0 
y 0 0 0.0540341247509269 0 0 
y 0 0 0 170.6352356753 0 
y 0 0 0 0 2.220446049250313e-16 
y 0.07971546896276858 0 0 0 0 
y 0 0.07971546896276858 0 0 0 
y 0 0 2.816407710294259 0 0 
y 0 0 0 0.1487597131935494 0 
y 0 0 0 0 2.220446049250313e-16 
y 0.007366193191423224 0 0 0 0 
y 0 0.007366193191423224 0 0 0 
y 0 0 2.513077603318243 0 0 
y 0 0 0 1.545800648974443 0 
y 0 0 0 0 2.220446049250313e-16 
y 0.005372523594682755 0 0 0 0 
y 0 0.005375572977635506 0 0 0 
y 0 0 2.068645921625959 0 0 
y 0 0 0 0.0004610456039510084 0 
y 0 0 0 0 2.220446049250313e-16 
y 0.04825006746118082 0 0 0 0 
y 0 0.04826014537985934 0 0 0 
y 0 0 2.275939875217648 0 0 
y 0 0 0 0.004503267989301554 0 
y 0 0 0 0 2.220446049250313e-16 
y 0.04969662807305423 0 0 0 0 
y 0 0.04998347007853012 0 0 0 
y 0 0 1.53201015267785 0 0 
y 0 0 0 1.15234361451609 0 
y 0 0 0 0 2.220446049250313e-16 
y 0.01063698395680354 0 0 0 0 
y 0 0.01080157841621454 0 0 0 
y 0 0 2.504928411830739 0 0 
y 0 0 0 0.2541450632147954 0 
y 0 0 0 0 2.220446049250313e-16 
y 0.02247831019676349 0 0 0 0 
y 0 0.02371844161515274 0 0 0 
y 0 0 0.0302954405837426 0 0 
y 0 0 0 7.327807896426116 0 
y 0 0 0 0 2.220446049250313e-16 
y 0.05996967671967137 0 0 0 0 
y 0 0.06548029919263694 0 0 0 
y 0 0 0.745030551904731 0 0 
y 0 0 0 3.107461087750754 0 
y 0 0 0 0 2.220446049250313e-16 
y 0.03882542295830346 0 0 0 0 
y 0 0.03969656436845231 0 0 0 
y 0 0 0.8633332242784008 0 0 
y 0 0 0 32.02846452622618 0 
y 0 0 0 0 2.220446049250313e-16 
y 0.03882542295830346 0 0 0 0 
y 0 0.03969656436845231 0 0 0 
y 0 0 0.8633332242784008 0 0 
y 0 0 0 32.02846452622618 0 
y 0 0 0 0 2.220446049250313e-16 
y 0.0686020174101382 0 0 0 0 
y 0 0.06868837349507753 0 0 0 
y 0 0 0.5658623403178912 0 0 
y 0 0 0 3.203333794618853e-06 0 
y 0 0 0 0 2.220446049250313e-16 
y 0.06218800529539831 0 0 0 0 
y 0 0.06226835500484783 0 0 0 
y 0 0 0.5712438444146445 0 0 
y 0 0 0 3.524348700833195e-06 0 
y 0 0 0 0 2.220446049250313e-16 
y 0.01079812430379732 0 0 0 0 
y 0 0.01080000955442202 0 0 0 
y 0 0 3.30025285444255 0 0 
y 0 0 0 0.1554436696670852 0 
y 0 0 0 0 2.220446049250313e-16 
y 0.04744538093914286 0 0 0 0 
y 0 0.04744737629460049 0 0 0 
y 0 0 2.033420189527024 0 0 
y 0 0 0 0.1896124620572541 0 
y 0 0 0 0 2.220446049250313e-16 
y 0.04583448803908559 0 0 0 0 
y 0 0.04739318632291332 0 0 0 
y 0 0 1.7674927972215 0 0 
y 0 0 0 5.120984120961976 0 
y 0 0 0 0 2.220446049250313e-16 
y 0.01237134077403657 0 0 0 0 
y 0 0.01351569923963289 0 0 0 
y 0 0 1.865517810600999 0 0 
y 0 0 0 0.3960769266263504 0 
y 0 0 0 0 2.220446049250313e-16 
y 0.02533638824418924 0 0 0 0 
y 0 0.02534340193467128 0 0 0 
y 0 0 1.98977568185742 0 0 
y 0 0 0 0.001945095874582814 0 
y 0 0 0 0 2.220446049250313e-16 
y 0.009416787515933077 0 0 0 0 
y 0 0.009426450226254443 0 0 0 
y 0 0 3.085678211161009 0 0 
y 0 0 0 0.001882530785845203 0 
y 0 0 0 0 2.220446049250313e-16 
y 0.007549094522596589 0 0 0 0 
y 0 0.008548198039005713 0 0 0 
y 0 0 0.6133800597181951 0 0 
y 0 0 0 16.01505681108204 0 
y 0 0 0 0 2.220446049250313e-16 
y 0.04389417052885251 0 0 0 0 
y 0 0.04685200702450661 0 0 0 
y 0 0 1.020670611552296 0 0 
y 0 0 0 174.6199432113378 0 
y 0 0 0 0 2.220446049250313e-16 
y 0.05009619280896174 0 0 0 0 
y 0 0.0506925094234536 0 0 0 
y 0 0 1.416376618831841 0 0 
y 0 0 0 0.3406866513289923 0 
y 0 0 0 0 2.220446049250313e-16 
y 0.02227762172330002 0 0 0 0 
y 0 0.02254202697221628 0 0 0 
y 0 0 1.403451314244846 0 0 
y 0 0 0 0.01050832614966974 0 
y 0 0 0 0 2.220446049250313e-16 
y 0.03731129986208091 0 0 0 0 
y 0 0.03739096335326838 0 0 0 
y 0 0 0.9500535485548076 0 0 
y 0 0 0 0.6979001446154656 0 
y 0 0 0 0 2.220446049250313e-16 
y 0.03731129986208091 0 0 0 0 
y 0 0.03739096335326838 0 0 0 
y 0 0 0.9500535485548076 0 0 
y 0 0 0 0.6979001446154656 0 
y 0 0 0 0 2.220446049250313e-16 
y 0.01522062478922876 0 0 0 0 
y 0 0.01524972597004448 0 0 0 
y 0 0 5.628479572750336 0 0 
y 0 0 0 0.0005319229165654639 0 
y 0 0 0 0 2.220446049250313e-16 
y 0.04297525282607802 0 0 0 0 
y 0 0.04299452666893378 0 0 0 
y 0 0 0.6464086225657658 0 0 
y 0 0 0 5.992011791812509e-05 0 
y 0 0 0 0 2.220446049250313e-16 
y 0.0509063883168485 0 0 0 0 
y 0 0.0509601042958741 0 0 0 
y 0 0 5.151902999312054 0 0 
y 0 0 0 0.001884650531961888 0 
y 0 0 0 0 2.220446049250313e-16 
y 0.005507293522789587 0 0 0 0 
y 0 0.005524147438340453 0 0 0 
y 0 0 6.374966237841164 0 0 
y 0 0 0 0.0001423373613072837 0 
y 0 0 0 0 2.220446049250313e-16 
y 0.0439244758938228 0 0 0 0 
y 0 0.04392490966191515 0 0 0 
y 0 0 2.310577531153973 0 0 
y 0 0 0 0.008816278921499512 0 
y 0 0 0 0 2.220446049250313e-16 
y 0.008774263431237743 0 0 0 0 
y 0 0.008774647858337764 0 0 0 
y 0 0 2.741825026356734 0 0 
y 0 0 0 0.002946967375736337 0 
y 0 0 0 0 2.220446049250313e-16 
y 0.01276869763478021 0 0 0 0 
y 0 0.01300837852045894 0 0 0 
y 0 0 2.621685368678659 0 0 
y 0 0 0 0.2828603070343471 0 
y 0 0 0 0 2.220446049250313e-16 
y 0.05487708998619016 0 0 0 0 
y 0 0.05509604009689398 0 0 0 
y 0 0 2.184618062568452 0 0 
y 0 0 0 0.2046243663349096 0 
y 0 0 0 0 2.220446049250313e-16 
y 0.05840404991192621 0 0 0 0 
y 0 0.06327314221708134 0 0 0 
y 0 0 0.3725598423430044 0 0 
y 0 0 0 11083.55834178528 0 
y 0 0 0 0 2.220446049250313e-16 
y 0.03265932281160788 0 0 0 0 
y 0 0.03610267632543233 0 0 0 
y 0 0 0.2906984535015862 0 0 
y 0 0 0 193933.686098963 0 
y 0 0 0 0 2.220446049250313e-16 
y 0.03550358485473119 0 0 0 0 
y 0 0.03550867439675338 0 0 0 
y 0 0 1.214525033242157 0 0 
y 0 0 0 1066.088171003583 0 
y 0 0 0 0 2.220446049250313e-16 
y 0.004059940621995004 0 0 0 0 
y 0 0.004062522279440056 0 0 0 
y 0 0 0.8629671885985107 0 0 
y 0 0 0 1014.521914403162 0 
y 0 0 0 0 2.220446049250313e-16 
y 0.003599876603320901 0 0 0 0 
y 0 0.003599876603320901 0 0 0 
y 0 0 2.724005175058496 0 0 
y 0 0 0 0.9635770106066285 0 
y 0 0 0 0 2.220446049250313e-16 
y 0.05190538445659552 0 0 0 0 
y 0 0.05190538445659552 0 0 0 
y 0 0 3.141877950829507 0 0 
y 0 0 0 2.077506118450685 0 
y 0 0 0 0 2.220446049250313e-16 
y 0.1021316771552414 0 0 0 0 
y 0 0.1035258638824577 0 0 0 
y 0 0 1.721701520345107 0 0 
y 0 0 0 114.3450403141424 0 
y 0 0 0 0 2.220446049250313e-16 
y 0.09449635436382388 0 0 0 0 
y 0 0.09587588345548384 0 0 0 
y 0 0 1.843462668812323 0 0 
y 0 0 0 1463.342949119959 0 
y 0 0 0 0 2.220446049250313e-16 
y 0.04549638770749903 0 0 0 0 
y 0 0.04739436861451917 0 0 0 
y 0 0 0.1004730175714867 0 0 
y 0 0 0 8346.267237395776 0 
y 0 0 0 0 2.220446049250313e-16 
y 0.06682019630562565 0 0 0 0 
y 0 0.07353156375146919 0 0 0 
y 0 0 0.5849360327980315 0 0 
y 0 0 0 2456.672237701147 0 
y 0 0 0 0 2.220446049250313e-16 
y 0.05250981945384285 0 0 0 0 
y 0 0.05502510280952744 0 0 0 
y 0 0 1.476144978979324 0 0 
y 0 0 0 18343.31348856994 0 
y 0 0 0 0 2.220446049250313e-16 
y 0.05250981945384285 0 0 0 0 
y 0 0.05502510280952744 0 0 0 
y 0 0 1.476144978979324 0 0 
y 0 0 0 18343.31348856994 0 
y 0 0 0 0 2.220446049250313e-16 
y 0.05471295705247495 0 0 0 0 
y 0 0.05472261697684962 0 0 0 
y 0 0 1.663832615871738 0 0 
y 0 0 0 0.002267023311164125 0 
y 0 0 0 0 2.220446049250313e-16 
y 0.0177198832125173 0 0 0 0 
y 0 0.01775218748434419 0 0 0 
y 0 0 3.297799827878777 0 0 
y 0 0 0 0.002079767785487071 0 
y 0 0 0 0 2.220446049250313e-16 
y 0.05056256164944767 0 0 0 0 
y 0 0.05057256171055306 0 0 0 
y 0 0 0.1144262305851396 0 0 
y 0 0 0 99.84823409410302 0 
y 0 0 0 0 2.220446049250313e-16 
y 0.055997004319096 0 0 0 0 
y 0 0.05605346418281637 0 0 0 
y 0 0 2.60220502563255 0 0 
y 0 0 0 109.1283172146414 0 
y 0 0 0 0 2.220446049250313e-16 
y 0.01844006949958743 0 0 0 0 
y 0 0.02119961089909534 0 0 0 
y 0 0 2.082231851532745 0 0 
y 0 0 0 654.2072128700966 0 
y 0 0 0 0 2.220446049250313e-16 
y 0.05128744413689215 0 0 0 0 
y 0 0.05341447440717477 0 0 0 
y 0 0 0.60909465196094 0 0 
y 0 0 0 1994.424525673355 0 
y 0 0 0 0 2.220446049250313e-16 
y 0.1146183561368735 0 0 0 0 
y 0 0.1146268451867211 0 0 0 
y 0 0 2.32774575030475 0 0 
y 0 0 0 1.614784623262534 0 
y 0 0 0 0 2.220446049250313e-16 
y 0.0005384018639468505 0 0 0 0 
y 0 0.0005384201982467671 0 0 0 
y 0 0 0.7511777175569823 0 0 
y 0 0 0 0.002032337082986917 0 
y 0 0 0 0 2.220446049250313e-16 
y 0.03193166001801483 0 0 0 0 
y 0 0.03326861729214981 0 0 0 
y 0 0 0.05771954347785018 0 0 
y 0 0 0 45875.51508683475 0 
y 0 0 0 0 2.220446049250313e-16 
y 0.03836853912819865 0 0 0 0 
y 0 0.0445221415529371 0 0 0 
y 0 0 0.4452984152035638 0 0 
y 0 0 0 45389.56338534557 0 
y 0 0 0 0 2.220446049250313e-16 
y 0.1311401510424254 0 0 0 0 
y 0 0.1327616374600047 0 0 0 
y 0 0 1.46670015816965 0 0 
y 0 0 0 154.4312752120686 0 
y 0 0 0 0 2.220446049250313e-16 
y 0.0003220002617921229 0 0 0 0 
y 0 0.0003242867636598781 0 0 0 
y 0 0 0.6729769442452354 0 0 
y 0 0 0 1.448074336198937 0 
y 0 0 0 0 2.220446049250313e-16 
y 0.08954773441399602 0 0 0 0 
y 0 0.08977916074446263 0 0 0 
y 0 0 0.2023815640707764 0 0 
y 0 0 0 221.0709026945902 0 
y 0 0 0 0 2.220446049250313e-16 
y 2.220446049250313e-16 0 0 0 0 
y 0 2.220446049250313e-16 0 0 0 
y 0 0 2.220446049250313e-16 0 0 
y 0 0 0 2.220446049250313e-16 0 
y 0 0 0 0 2.220446049250313e-16 
y 0.264566811921025 0 0 0 0 
y 0 0.2646398613102012 0 0 0 
y 0 0 0.1029632966623951 0 0 
y 0 0 0 0.3317314114449356 0 
y 0 0 0 0 2.220446049250313e-16 
y 0.06212548441981704 0 0 0 0 
y 0 0.06216568103888588 0 0 0 
y 0 0 2.196797455303983 0 0 
y 0 0 0 0.06030923538775271 0 
y 0 0 0 0 2.220446049250313e-16 
y 0.0826062419201217 0 0 0 0 
y 0 0.08263851202603797 0 0 0 
y 0 0 0.2425329230976954 0 0 
y 0 0 0 0.7161220874310048 0 
y 0 0 0 0 2.220446049250313e-16 
y 0.03429880062965333 0 0 0 0 
y 0 0.03433035800345759 0 0 0 
y 0 0 3.441789457336636 0 0 
y 0 0 0 0.05362577612120353 0 
y 0 0 0 0 2.220446049250313e-16 
y 0.102815804830022 0 0 0 0 
y 0 0.1028436956702467 0 0 0 
y 0 0 0.1367319495741202 0 0 
y 0 0 0 0.1228317921994997 0 
y 0 0 0 0 2.220446049250313e-16 
y 0.1099647839897172 0 0 0 0 
y 0 0.1100171726144726 0 0 0 
y 0 0 2.593364865912964 0 0 
y 0 0 0 3.915668279465859 0 
y 0 0 0 0 2.220446049250313e-16 
y 0.09578992614518589 0 0 0 0 
y 0 0.0974560467310786 0 0 0 
y 0 0 1.741545420684673 0 0 
y 0 0 0 466.7498099515663 0 
y 0 0 0 0 2.220446049250313e-16 
y 0.1178682514519467 0 0 0 0 
y 0 0.1197768639899616 0 0 0 
y 0 0 1.648380000712555 0 0 
y 0 0 0 33.27421110721606 0 
y 0 0 0 0 2.220446049250313e-16 
y 0.08328289448684155 0 0 0 0 
y 0 0.08670130173414897 0 0 0 
y 0 0 1.274839546513888 0 0 
y 0 0 0 23.39350482951255 0 
y 0 0 0 0 2.220446049250313e-16 
y 0.06267907613206122 0 0 0 0 
y 0 0.06539820178461099 0 0 0 
y 0 0 1.394611605673257 0 0 
y 0 0 0 490.249120514223 0 
y 0 0 0 0 2.220446049250313e-16 
y 0.04097014596689361 0 0 0 0 
y 0 0.04113030713948316 0 0 0 
y 0 0 3.395170412185749 0 0 
y 0 0 0 0.8810457673659349 0 
y 0 0 0 0 2.220446049250313e-16 
y 0.01334972239565302 0 0 0 0 
y 0 0.01354422959213661 0 0 0 
y 0 0 3.141170576062868 0 0 
y 0 0 0 4.931211837326156 0 
y 0 0 0 0 2.220446049250313e-16 
y 0.1155819208684148 0 0 0 0 
y 0 0.1170578229303301 0 0 0 
y 0 0 0.4763431755566259 0 0 
y 0 0 0 0.005229582095032543 0 
y 0 0 0 0 2.220446049250313e-16 
y 0.06867332954681694 0 0 0 0 
y 0 0.06982068328271837 0 0 0 
y 0 0 0.4861871846942222 0 0 
y 0 0 0 0.003103792246301094 0 
y 0 0 0 0 2.220446049250313e-16 
y 0.01337135503452982 0 0 0 0 
y 0 0.01337135503452982 0 0 0 
y 0 0 3.490763588224296 0 0 
y 0 0 0 0.4532744882965039 0 
y 0 0 0 0 2.220446049250313e-16 
y 0.09054631424666983 0 0 0 0 
y 0 0.09054631424666983 0 0 0 
y 0 0 2.771508621541795 0 0 
y 0 0 0 2.211695311691511 0 
y 0 0 0 0 2.220446049250313e-16 
y 0.1884511794001549 0 0 0 0 
y 0 0.1977779616145847 0 0 0 
y 0 0 1.646295580710487 0 0 
y 0 0 0 7.772394057279865 0 
y 0 0 0 0 2.220446049250313e-16 
y 2.220446049250313e-16 0 0 0 0 
y 0 2.220446049250313e-16 0 0 0 
y 0 0 2.220446049250313e-16 0 0 
y 0 0 0 2.220446049250313e-16 0 
y 0 0 0 0 2.220446049250313e-16 
y 0.146208414785831 0 0 0 0 
y 0 0.1473967845385939 0 0 0 
y 0 0 3.85469845478 0 0 
y 0 0 0 14.26619595519456 0 
y 0 0 0 0 2.220446049250313e-16 
y 0.09401398707834106 0 0 0 0 
y 0 0.09486441392626502 0 0 0 
y 0 0 3.502122021415508 0 0 
y 0 0 0 89.96611413694727 0 
y 0 0 0 0 2.220446049250313e-16 
y 0.1588596219288853 0 0 0 0 
y 0 0.1613785384437892 0 0 0 
y 0 0 0.7463698366843603 0 0 
y 0 0 0 7.30995780672616e-06 0 
y 0 0 0 0 2.220446049250313e-16 
y 0.1318698539414394 0 0 0 0 
y 0 0.1339469352239426 0 0 0 
y 0 0 0.5246935087739939 0 0 
y 0 0 0 5.271406578367498e-06 0 
y 0 0 0 0 2.220446049250313e-16 
y 0.1382759285468239 0 0 0 0 
y 0 0.1390179924239656 0 0 0 
y 0 0 2.671256853823355 0 0 
y 0 0 0 0.8163378879183716 0 
y 0 0 0 0 2.220446049250313e-16 
y 0.154004352007507 0 0 0 0 
y 0 0.1549138709532279 0 0 0 
y 0 0 3.532988895168212 0 0 
y 0 0 0 0.05709634838300197 0 
y 0 0 0 0 2.220446049250313e-16 
y 0.02056533763256217 0 0 0 0 
y 0 0.02168642419048824 0 0 0 
y 0 0 3.494829442182033 0 0 
y 0 0 0 4.372380911368819 0 
y 0 0 0 0 2.220446049250313e-16 
y 0.06405854704702882 0 0 0 0 
y 0 0.06454194053081744 0 0 0 
y 0 0 1.40491724058712 0 0 
y 0 0 0 3.876871393951242 0 
y 0 0 0 0 2.220446049250313e-16 
y 0.1365130768430149 0 0 0 0 
y 0 0.1385273444368082 0 0 0 
y 0 0 3.188285335956234 0 0 
y 0 0 0 0.005328639327771422 0 
y 0 0 0 0 2.220446049250313e-16 
y 0.02752234714729173 0 0 0 0 
y 0 0.02761792312430874 0 0 0 
y 0 0 0.1038045210497668 0 0 
y 0 0 0 0.0009530431103995568 0 
y 0 0 0 0 2.220446049250313e-16 
y 0.02077476644607532 0 0 0 0 
y 0 0.02335709773364926 0 0 0 
y 0 0 1.109966204839959 0 0 
y 0 0 0 73.63076160202837 0 
y 0 0 0 0 2.220446049250313e-16 
y 0.03726157690865985 0 0 0 0 
y 0 0.03800853053062597 0 0 0 
y 0 0 1.124650897344619 0 0 
y 0 0 0 142.833195987606 0 
y 0 0 0 0 2.220446049250313e-16 
y 0.08137121107088949 0 0 0 0 
y 0 0.08137741263101402 0 0 0 
y 0 0 0.1173522824215672 0 0 
y 0 0 0 0.03264578069494847 0 
y 0 0 0 0 2.220446049250313e-16 
y 0.1699921807064089 0 0 0 0 
y 0 0.170022013352295 0 0 0 
y 0 0 0.8134495983735007 0 0 
y 0 0 0 0.8070936295426194 0 
y 0 0 0 0 2.220446049250313e-16 
y 0.02563564052658823 0 0 0 0 
y 0 0.02565088267460554 0 0 0 
y 0 0 0.09733250455230869 0 0 
y 0 0 0 0.6922479792971681 0 
y 0 0 0 0 2.220446049250313e-16 
y 0.03650114840496516 0 0 0 0 
y 0 0.03665051031970382 0 0 0 
y 0 0 4.143678551815417 0 0 
y 0 0 0 1.860290087025458 0 
y 0 0 0 0 2.220446049250313e-16 
y 0.1237156665748341 0 0 0 0 
y 0 0.125344757245664 0 0 0 
y 0 0 0.3069276675897297 0 0 
y 0 0 0 0.000657062744573466 0 
y 0 0 0 0 2.220446049250313e-16 
y 0.04097211811654992 0 0 0 0 
y 0 0.04152893419031831 0 0 0 
y 0 0 0.8910382091155413 0 0 
y 0 0 0 0.0002754044375157174 0 
y 0 0 0 0 2.220446049250313e-16 
y 0.09866769505866653 0 0 0 0 
y 0 0.09998746835451029 0 0 0 
y 0 0 4.00551867065003 0 0 
y 0 0 0 0.004434168980697176 0 
y 0 0 0 0 2.220446049250313e-16 
y 0.08141274134614557 0 0 0 0 
y 0 0.08219725032620051 0 0 0 
y 0 0 0.1931765761823697 0 0 
y 0 0 0 0.0001132529802480066 0 
y 0 0 0 0 2.220446049250313e-16 
y 0.1119756586656579 0 0 0 0 
y 0 0.1129505741958593 0 0 0 
y 0 0 4.323299122328883 0 0 
y 0 0 0 0.01224489835444349 0 
y 0 0 0 0 2.220446049250313e-16 
y 0.04832602487692216 0 0 0 0 
y 0 0.04843316164166988 0 0 0 
y 0 0 0.1196410451773354 0 0 
y 0 0 0 0.002801672507416285 0 
y 0 0 0 0 2.220446049250313e-16 
y 0.1697586750653013 0 0 0 0 
y 0 0.1697676539741599 0 0 0 
y 0 0 2.778546623394603 0 0 
y 0 0 0 0.1211294636504464 0 
y 0 0 0 0 2.220446049250313e-16 
y 0.1526740511734375 0 0 0 0 
y 0 0.1526815526207912 0 0 0 
y 0 0 2.938794882676194 0 0 
y 0 0 0 2.273089804098761 0 
y 0 0 0 0 2.220446049250313e-16 
y 0.06490280430726265 0 0 0 0 
y 0 0.06494531104784688 0 0 0 
y 0 0 0.1273304449983516 0 0 
y 0 0 0 11.39542797268271 0 
y 0 0 0 0 2.220446049250313e-16 
y 0.05546152476780065 0 0 0 0 
y 0 0.05549659319054522 0 0 0 
y 0 0 0.4016059024856268 0 0 
y 0 0 0 69.99637441739277 0 
y 0 0 0 0 2.220446049250313e-16 
y 0.06519693026759224 0 0 0 0 
y 0 0.07102835463681664 0 0 0 
y 0 0 3.098998352177455 0 0 
y 0 0 0 0.2223774534292513 0 
y 0 0 0 0 2.220446049250313e-16 
y 0.006181598255278355 0 0 0 0 
y 0 0.006701910148277742 0 0 0 
y 0 0 0.01640333264210568 0 0 
y 0 0 0 0.0683837438373702 0 
y 0 0 0 0 2.220446049250313e-16 
y 0.07653252749833155 0 0 0 0 
y 0 0.08061610595942445 0 0 0 
y 0 0 0.1447215872518461 0 0 
y 0 0 0 0.0002460708456777042 0 
y 0 0 0 0 2.220446049250313e-16 
y 0.0862380423978631 0 0 0 0 
y 0 0.09513526465358203 0 0 0 
y 0 0 0.1614831002581142 0 0 
y 0 0 0 0.0006219827872561726 0 
y 0 0 0 0 2.220446049250313e-16 
y 0.01500861265884189 0 0 0 0 
y 0 0.0151956995924872 0 0 0 
y 0 0 2.432030335927078 0 0 
y 0 0 0 0.1162147910939164 0 
y 0 0 0 0 2.220446049250313e-16 
y 0.06411891088146089 0 0 0 0 
y 0 0.06948588138919258 0 0 0 
y 0 0 4.718651249664245 0 0 
y 0 0 0 0.3873723207380476 0 
y 0 0 0 0 2.220446049250313e-16 
n 
n 
n 
n 
n 
n 
n 
n 
n 
n 
y 0.1659751408785556 0 0 0 0 
y 0 0.1691421784309265 0 0 0 
y 0 0 3.422954375633509 0 0 
y 0 0 0 1.673823394216329 0 
y 0 0 0 0 2.220446049250313e-16 
y 2.220446049250313e-16 0 0 0 0 
y 0 2.220446049250313e-16 0 0 0 
y 0 0 2.220446049250313e-16 0 0 
y 0 0 0 2.220446049250313e-16 0 
y 0 0 0 0 2.220446049250313e-16 
y 0.1271842189422011 0 0 0 0 
y 0 0.1355722901797705 0 0 0 
y 0 0 0.3343869147891631 0 0 
y 0 0 0 9.449662543305824e-07 0 
y 0 0 0 0 2.220446049250313e-16 
y 0.07583351350070726 0 0 0 0 
y 0 0.08673298234878973 0 0 0 
y 0 0 0.1872717170447736 0 0 
y 0 0 0 2.686823309462669e-06 0 
y 0 0 0 0 2.220446049250313e-16 
y 0.1422037019158045 0 0 0 0 
y 0 0.1537141459606195 0 0 0 
y 0 0 0.2780616413143691 0 0 
y 0 0 0 0.03486224456330581 0 
y 0 0 0 0 2.220446049250313e-16 
y 0.1838107981276847 0 0 0 0 
y 0 0.1983851182515987 0 0 0 
y 0 0 0.4185208619734717 0 0 
y 0 0 0 0.03219663463654966 0 
y 0 0 0 0 2.220446049250313e-16 
y 0.1225325275632876 0 0 0 0 
y 0 0.1234416367208075 0 0 0 
y 0 0 4.518513527841648 0 0 
y 0 0 0 0.5645390738506577 0 
y 0 0 0 0 2.220446049250313e-16 
y 0.0004746782950449645 0 0 0 0 
y 0 0.0004853779199103716 0 0 0 
y 0 0 0.777420247370224 0 0 
y 0 0 0 0.03853466392491432 0 
y 0 0 0 0 2.220446049250313e-16 
y 0.1543178370703017 0 0 0 0 
y 0 0.170772353921315 0 0 0 
y 0 0 4.771331070999149 0 0 
y 0 0 0 0.0002690736624175496 0 
y 0 0 0 0 2.220446049250313e-16 
y 0.1543178370703017 0 0 0 0 
y 0 0.170772353921315 0 0 0 
y 0 0 4.771331070999149 0 0 
y 0 0 0 0.0002690736624175496 0 
y 0 0 0 0 2.220446049250313e-16 
y 0.1732138836347258 0 0 0 0 
y 0 0.1732141904714358 0 0 0 
y 0 0 2.479433822796903 0 0 
y 0 0 0 31.40470322318492 0 
y 0 0 0 0 2.220446049250313e-16 
y 2.220446049250313e-16 0 0 0 0 
y 0 2.220446049250313e-16 0 0 0 
y 0 0 2.220446049250313e-16 0 0 
y 0 0 0 2.220446049250313e-16 0 
y 0 0 0 0 2.220446049250313e-16 
n 
n 
n 
n 
n 
n 
n 
n 
n 
n 
y 0.006402744128634631 0 0 0 0 
y 0 0.007438918558075928 0 0 0 
y 0 0 0.03739386040824636 0 0 
y 0 0 0 0.2519605447823966 0 
y 0 0 0 0 2.220446049250313e-16 
y 0.04080410235535067 0 0 0 0 
y 0 0.04176869669345962 0 0 0 
y 0 0 0.05375067712626939 0 0 
y 0 0 0 0.0007896334837011033 0 
y 0 0 0 0 2.220446049250313e-16 
y 0.2435359441058579 0 0 0 0 
y 0 0.2618665582812602 0 0 0 
y 0 0 0.2014790935569251 0 0 
y 0 0 0 5.065524206545096e-05 0 
y 0 0 0 0 2.220446049250313e-16 
y 0.03040044081694532 0 0 0 0 
y 0 0.03240819385279877 0 0 0 
y 0 0 0.09612716575806191 0 0 
y 0 0 0 8.842643713575745e-05 0 
y 0 0 0 0 2.220446049250313e-16 
y 0.05533080368530424 0 0 0 0 
y 0 0.05820300879053221 0 0 0 
y 0 0 3.579716221350007 0 0 
y 0 0 0 4.976490653163716e-05 0 
y 0 0 0 0 2.220446049250313e-16 
y 0.05533080368530424 0 0 0 0 
y 0 0.05820300879053221 0 0 0 
y 0 0 3.579716221350007 0 0 
y 0 0 0 4.976490653163716e-05 0 
y 0 0 0 0 2.220446049250313e-16 
y 0.1969697431882296 0 0 0 0 
y 0 0.2080443416814411 0 0 0 
y 0 0 0.1957297164760685 0 0 
y 0 0 0 0.0001545559859526462 0 
y 0 0 0 0 2.220446049250313e-16 
y 0.2147230300610199 0 0 0 0 
y 0 0.2305815734603719 0 0 0 
y 0 0 0.7201039314903631 0 0 
y 0 0 0 0.001362127233034217 0 
y 0 0 0 0 2.220446049250313e-16 
y 0.1965925483095302 0 0 0 0 
y 0 0.2053268807405145 0 0 0 
y 0 0 0.2303145372748953 0 0 
y 0 0 0 0.03206553410638996 0 
y 0 0 0 0 2.220446049250313e-16 
y 0.1129047512990111 0 0 0 0 
y 0 0.118835227311487 0 0 0 
y 0 0 0.335015410038602 0 0 
y 0 0 0 0.02608278085403168 0 
y 0 0 0 0 2.220446049250313e-16 
y 0.01116061026530114 0 0 0 0 
y 0 0.01138598004262163 0 0 0 
y 0 0 0.2842069861808389 0 0 
y 0 0 0 2.775023159329362 0 
y 0 0 0 0 2.220446049250313e-16 
y 0.02162468748242806 0 0 0 0 
y 0 0.0217532358993207 0 0 0 
y 0 0 0.5964870912985557 0 0 
y 0 0 0 0.4098449643230274 0 
y 0 0 0 0 2.220446049250313e-16 
y 0.03688203256193999 0 0 0 0 
y 0 0.03771109632751222 0 0 0 
y 0 0 1.011703949191572 0 0 
y 0 0 0 0.03119749867457202 0 
y 0 0 0 0 2.220446049250313e-16 
y 0.08571274739228493 0 0 0 0 
y 0 0.08769786724419233 0 0 0 
y 0 0 5.046134402576979 0 0 
y 0 0 0 4.176795849572242e-06 0 
y 0 0 0 0 2.220446049250313e-16 
y 0.01930183048802934 0 0 0 0 
y 0 0.02064157038038435 0 0 0 
y 0 0 0.2005414498185774 0 0 
y 0 0 0 2.26252792354342e-05 0 
y 0 0 0 0 2.220446049250313e-16 
y 0.1018066368669109 0 0 0 0 
y 0 0.1062270093209002 0 0 0 
y 0 0 3.050467097244956 0 0 
y 0 0 0 7.395121985904953e-05 0 
y 0 0 0 0 2.220446049250313e-16 
y 2.220446049250313e-16 0 0 0 0 
y 0 2.220446049250313e-16 0 0 0 
y 0 0 2.220446049250313e-16 0 0 
y 0 0 0 2.220446049250313e-16 0 
y 0 0 0 0 2.220446049250313e-16 
y 0.1350280547505535 0 0 0 0 
y 0 0.1361408299629918 0 0 0 
y 0 0 1.813479710698815 0 0 
y 0 0 0 0.02743550893697575 0 
y 0 0 0 0 2.220446049250313e-16 
y 0.1546010945704654 0 0 0 0 
y 0 0.1575952163415949 0 0 0 
y 0 0 1.067481559958926 0 0 
y 0 0 0 0.2065034168076974 0 
y 0 0 0 0 2.220446049250313e-16 
y 0.1546010945704654 0 0 0 0 
y 0 0.1575952163415949 0 0 0 
y 0 0 1.067481559958926 0 0 
y 0 0 0 0.2065034168076974 0 
y 0 0 0 0 2.220446049250313e-16 
n 
n 
n 
n 
n 
n 
n 
n 
n 
n 
y 0.05236302789981725 0 0 0 0 
y 0 0.05306001616317668 0 0 0 
y 0 0 0.09474527389934186 0 0 
y 0 0 0 7.293735349346712e-08 0 
y 0 0 0 0 2.220446049250313e-16 
y 0.03892305827996856 0 0 0 0 
y 0 0.04105997021399924 0 0 0 
y 0 0 3.172469386520207 0 0 
y 0 0 0 7.319170851888081e-08 0 
y 0 0 0 0 2.220446049250313e-16 
y 0.03306668319751948 0 0 0 0 
y 0 0.03337869189563352 0 0 0 
y 0 0 0.1344022401528847 0 0 
y 0 0 0 0.002766040298920839 0 
y 0 0 0 0 2.220446049250313e-16 
y 0.01450748604901277 0 0 0 0 
y 0 0.01526799596705738 0 0 0 
y 0 0 5.170733552145544 0 0 
y 0 0 0 0.002046093474749437 0 
y 0 0 0 0 2.220446049250313e-16 
y 0.09986676279760176 0 0 0 0 
y 0 0.1001396874191033 0 0 0 
y 0 0 0.8853412088344521 0 0 
y 0 0 0 0.04342712598939936 0 
y 0 0 0 0 2.220446049250313e-16 
y 2.220446049250313e-16 0 0 0 0 
y 0 2.220446049250313e-16 0 0 0 
y 0 0 2.220446049250313e-16 0 0 
y 0 0 0 2.220446049250313e-16 0 
y 0 0 0 0 2.220446049250313e-16 
y 2.220446049250313e-16 0 0 0 0 
y 0 2.220446049250313e-16 0 0 0 
y 0 0 2.220446049250313e-16 0 0 
y 0 0 0 2.220446049250313e-16 0 
y 0 0 0 0 2.220446049250313e-16 
y 0.05243872247201242 0 0 0 0 
y 0 0.05352188983232525 0 0 0 
y 0 0 0.1935401615447961 0 0 
y 0 0 0 2.757289145766544e-05 0 
y 0 0 0 0 2.220446049250313e-16 
y 0.05639008063223429 0 0 0 0 
y 0 0.05730290158940074 0 0 0 
y 0 0 0.5944581928689573 0 0 
y 0 0 0 0.5431999023653576 0 
y 0 0 0 0 2.220446049250313e-16 
y 0.05639008063223429 0 0 0 0 
y 0 0.05730290158940074 0 0 0 
y 0 0 0.5944581928689573 0 0 
y 0 0 0 0.5431999023653576 0 
y 0 0 0 0 2.220446049250313e-16 
y 0.06525375863433926 0 0 0 0 
y 0 0.06575404900510481 0 0 0 
y 0 0 0.0548902393532375 0 0 
y 0 0 0 0.008057162263558201 0 
y 0 0 0 0 2.220446049250313e-16 
y 0.009784052600108209 0 0 0 0 
y 0 0.009922520881420012 0 0 0 
y 0 0 0.4116568155584104 0 0 
y 0 0 0 0.0009925180196996423 0 
y 0 0 0 0 2.220446049250313e-16 
y 0.02673978354568223 0 0 0 0 
y 0 0.02688983480414578 0 0 0 
y 0 0 0.02576632064099972 0 0 
y 0 0 0 0.02150875961023388 0 
y 0 0 0 0 2.220446049250313e-16 
y 0.02673978354568223 0 0 0 0 
y 0 0.02688983480414578 0 0 0 
y 0 0 0.02576632064099972 0 0 
y 0 0 0 0.02150875961023388 0 
y 0 0 0 0 2.220446049250313e-16 
y 0.02507973676203851 0 0 0 0 
y 0 0.02624685788575627 0 0 0 
y 0 0 0.1152487067049559 0 0 
y 0 0 0 2.366304357931666e-06 0 
y 0 0 0 0 2.220446049250313e-16 
y 0.02507973676203851 0 0 0 0 
y 0 0.02624685788575627 0 0 0 
y 0 0 0.1152487067049559 0 0 
y 0 0 0 2.366304357931666e-06 0 
y 0 0 0 0 2.220446049250313e-16 
y 0.08189306849222046 0 0 0 0 
y 0 0.08587719566506169 0 0 0 
y 0 0 4.054241740501817 0 0 
y 0 0 0 1.709270107938129e-05 0 
y 0 0 0 0 2.220446049250313e-16 
y 0.08189306849222046 0 0 0 0 
y 0 0.08587719566506169 0 0 0 
y 0 0 4.054241740501817 0 0 
y 0 0 0 1.709270107938129e-05 0 
y 0 0 0 0 2.220446049250313e-16 
y 0.09531000732543779 0 0 0 0 
y 0 0.09817173471418114 0 0 0 
y 0 0 2.14159829748407 0 0 
y 0 0 0 0.0001245658278954556 0 
y 0 0 0 0 2.220446049250313e-16 
y 0.09531000732543779 0 0 0 0 
y 0 0.09817173471418114 0 0 0 
y 0 0 2.14159829748407 0 0 
y 0 0 0 0.0001245658278954556 0 
y 0 0 0 0 2.220446049250313e-16 
y 0.1364253911950794 0 0 0 0 
y 0 0.1372382083068804 0 0 0 
y 0 0 2.11799189037005 0 0 
y 0 0 0 0.01037833668702832 0 
y 0 0 0 0 2.220446049250313e-16 
y 0.1364253911950794 0 0 0 0 
y 0 0.1372382083068804 0 0 0 
y 0 0 2.11799189037005 0 0 
y 0 0 0 0.01037833668702832 0 
y 0 0 0 0 2.220446049250313e-16 
y 0.06820069135891337 0 0 0 0 
y 0 0.07601068680051568 0 0 0 
y 0 0 1.13298644421288 0 0 
y 0 0 0 9327489.795508049 0 
y 0 0 0 0 2.220446049250313e-16 
y 0.04505365192327316 0 0 0 0 
y 0 0.04978295158730801 0 0 0 
y 0 0 0.8621041653693911 0 0 
y 0 0 0 133665353.2537287 0 
y 0 0 0 0 2.220446049250313e-16 
y 0.05223745847297551 0 0 0 0 
y 0 0.05226739847471736 0 0 0 
y 0 0 3.274872897447915 0 0 
y 0 0 0 526299.2005844434 0 
y 0 0 0 0 2.220446049250313e-16 
y 0.008535443190017438 0 0 0 0 
y 0 0.008563756032733839 0 0 0 
y 0 0 1.720678610267244 0 0 
y 0 0 0 671865.342392136 0 
y 0 0 0 0 2.220446049250313e-16 
y 0.04838461301471361 0 0 0 0 
y 0 0.04839181710251397 0 0 0 
y 0 0 3.285972504854534 0 0 
y 0 0 0 319.8861288689258 0 
y 0 0 0 0 2.220446049250313e-16 
y 0.0352799180390925 0 0 0 0 
y 0 0.03532325639421033 0 0 0 
y 0 0 3.002861046695948 0 0 
y 0 0 0 1130.130077366788 0 
y 0 0 0 0 2.220446049250313e-16 
y 0.07683962849782486 0 0 0 0 
y 0 0.0772759477638281 0 0 0 
y 0 0 2.126988017800358 0 0 
y 0 0 0 234559.4212005823 0 
y 0 0 0 0 2.220446049250313e-16 
y 0.01942962554251421 0 0 0 0 
y 0 0.02032194462947351 0 0 0 
y 0 0 2.684327545896417 0 0 
y 0 0 0 579620.3415385777 0 
y 0 0 0 0 2.220446049250313e-16 
y 0.1566366758757759 0 0 0 0 
y 0 0.17032080282173 0 0 0 
y 0 0 0.9289749177114055 0 0 
y 0 0 0 234400.6561450323 0 
y 0 0 0 0 2.220446049250313e-16 
y 0.06445605957719995 0 0 0 0 
y 0 0.07235965828183068 0 0 0 
y 0 0 1.097838205195832 0 0 
y 0 0 0 2630750.329891074 0 
y 0 0 0 0 2.220446049250313e-16 
y 0.05574960909042823 0 0 0 0 
y 0 0.05811066023914422 0 0 0 
y 0 0 0.8064755076813999 0 0 
y 0 0 0 40445646.53029627 0 
y 0 0 0 0 2.220446049250313e-16 
y 0.1330299712304989 0 0 0 0 
y 0 0.1373898081369149 0 0 0 
y 0 0 1.800675724762473 0 0 
y 0 0 0 3075535.040548824 0 
y 0 0 0 0 2.220446049250313e-16 
y 0.03648867210255881 0 0 0 0 
y 0 0.03648867210255881 0 0 0 
y 0 0 3.246022122892145 0 0 
y 0 0 0 0.758045537394922 0 
y 0 0 0 0 2.220446049250313e-16 
y 0.07479201190811849 0 0 0 0 
y 0 0.07479201190811849 0 0 0 
y 0 0 2.932301070990309 0 0 
y 0 0 0 2.636030090862862 0 
y 0 0 0 0 2.220446049250313e-16 
y 0.07015532255480475 0 0 0 0 
y 0 0.07019525719445399 0 0 0 
y 0 0 2.216365189557682 0 0 
y 0 0 0 48441.00062213249 0 
y 0 0 0 0 2.220446049250313e-16 
y 0.03032513806374084 0 0 0 0 
y 0 0.030453851994608 0 0 0 
y 0 0 2.72897689213184 0 0 
y 0 0 0 122213.9744261762 0 
y 0 0 0 0 2.220446049250313e-16 
y 0.1402519628283771 0 0 0 0 
y 0 0.1520623606084365 0 0 0 
y 0 0 2.445889826393263 0 0 
y 0 0 0 96985.65944365287 0 
y 0 0 0 0 2.220446049250313e-16 
y 0.1318333209829022 0 0 0 0 
y 0 0.1423835903832468 0 0 0 
y 0 0 2.287055662467779 0 0 
y 0 0 0 1073153.788218776 0 
y 0 0 0 0 2.220446049250313e-16 
y 0.1439007322482024 0 0 0 0 
y 0 0.1439154905381084 0 0 0 
y 0 0 2.713547878297248 0 0 
y 0 0 0 157.183014684659 0 
y 0 0 0 0 2.220446049250313e-16 
y 0.0989196454493239 0 0 0 0 
y 0 0.09893137024858313 0 0 0 
y 0 0 2.231021672924407 0 0 
y 0 0 0 1286.69243199384 0 
y 0 0 0 0 2.220446049250313e-16 
y 0.03683417044020891 0 0 0 0 
y 0 0.03853775952635523 0 0 0 
y 0 0 0.7871006005589646 0 0 
y 0 0 0 9902649.79482579 0 
y 0 0 0 0 2.220446049250313e-16 
y 0.04261345972266942 0 0 0 0 
y 0 0.04987084106300317 0 0 0 
y 0 0 1.132301973988587 0 0 
y 0 0 0 49651497.51707719 0 
y 0 0 0 0 2.220446049250313e-16 
y 0.1223989971013989 0 0 0 0 
y 0 0.1243114839340961 0 0 0 
y 0 0 1.696602276221618 0 0 
y 0 0 0 12401.6531741674 0 
y 0 0 0 0 2.220446049250313e-16 
y 0.1689214076058332 0 0 0 0 
y 0 0.172916549592892 0 0 0 
y 0 0 2.743898835470961 0 0 
y 0 0 0 104928.7589838992 0 
y 0 0 0 0 2.220446049250313e-16 
y 0.04477373525143082 0 0 0 0 
y 0 0.04486243396307796 0 0 0 
y 0 0 0.2315715080331653 0 0 
y 0 0 0 342608.1046002422 0 
y 0 0 0 0 2.220446049250313e-16 
y 0.02384298653993279 0 0 0 0 
y 0 0.02419985759412674 0 0 0 
y 0 0 2.737767541902904 0 0 
y 0 0 0 147926.8153926754 0 
y 0 0 0 0 2.220446049250313e-16 
y 0.09497744352556291 0 0 0 0 
y 0 0.09497993297534485 0 0 0 
y 0 0 2.946443310341734 0 0 
y 0 0 0 230.3354027962304 0 
y 0 0 0 0 2.220446049250313e-16 
y 0.09497744352556291 0 0 0 0 
y 0 0.09497993297534485 0 0 0 
y 0 0 2.946443310341734 0 0 
y 0 0 0 230.3354027962304 0 
y 0 0 0 0 2.220446049250313e-16 
y 0.1231566369986859 0 0 0 0 
y 0 0.1231593160189903 0 0 0 
y 0 0 3.869637723393867 0 0 
y 0 0 0 198.1050880796926 0 
y 0 0 0 0 2.220446049250313e-16 
y 0.2441305582284332 0 0 0 0 
y 0 0.244134342785898 0 0 0 
y 0 0 3.942322244815719 0 0 
y 0 0 0 12.0460589377097 0 
y 0 0 0 0 2.220446049250313e-16 
y 0.05765640520226082 0 0 0 0 
y 0 0.05785105453427661 0 0 0 
y 0 0 3.401748646523885 0 0 
y 0 0 0 944.162308354341 0 
y 0 0 0 0 2.220446049250313e-16 
y 0.06997550735242419 0 0 0 0 
y 0 0.0700046128006858 0 0 0 
y 0 0 1.655235019997737 0 0 
y 0 0 0 3740.996248928353 0 
y 0 0 0 0 2.220446049250313e-16 
y 0.02929642320975616 0 0 0 0 
y 0 0.0306043144301066 0 0 0 
y 0 0 2.511191213690771 0 0 
y 0 0 0 46602.84860204448 0 
y 0 0 0 0 2.220446049250313e-16 
y 0.08317202859009064 0 0 0 0 
y 0 0.08392809169645206 0 0 0 
y 0 0 2.379842953468498 0 0 
y 0 0 0 179852.1174969229 0 
y 0 0 0 0 2.220446049250313e-16 
y 0.007456075892975953 0 0 0 0 
y 0 0.007955403654233969 0 0 0 
y 0 0 0.8342697409445141 0 0 
y 0 0 0 169.4637226349295 0 
y 0 0 0 0 2.220446049250313e-16 
y 0.1001985535172464 0 0 0 0 
y 0 0.1072053702817063 0 0 0 
y 0 0 1.135505579344899 0 0 
y 0 0 0 1808.269099357888 0 
y 0 0 0 0 2.220446049250313e-16 
y 0.06680200953304488 0 0 0 0 
y 0 0.06680606367559215 0 0 0 
y 0 0 2.491707779034635 0 0 
y 0 0 0 21.87041161574428 0 
y 0 0 0 0 2.220446049250313e-16 
y 0.01401281488217933 0 0 0 0 
y 0 0.01401503483436546 0 0 0 
y 0 0 2.27374409308234 0 0 
y 0 0 0 2.77159988201969 0 
y 0 0 0 0 2.220446049250313e-16 
y 0.05642231290398118 0 0 0 0 
y 0 0.05647908762585952 0 0 0 
y 0 0 3.238927350718954 0 0 
y 0 0 0 0.009901971031704433 0 
y 0 0 0 0 2.220446049250313e-16 
y 0.05205009236681586 0 0 0 0 
y 0 0.05206059768812763 0 0 0 
y 0 0 0.1167669620275263 0 0 
y 0 0 0 0.02162835504039112 0 
y 0 0 0 0 2.220446049250313e-16 
y 0.04938486180852779 0 0 0 0 
y 0 0.04948656588010913 0 0 0 
y 0 0 1.760252482296663 0 0 
y 0 0 0 6.574220848609958 0 
y 0 0 0 0 2.220446049250313e-16 
y 0.02378147237085745 0 0 0 0 
y 0 0.02411754827355717 0 0 0 
y 0 0 2.769671999648768 0 0 
y 0 0 0 9.003550104055504 0 
y 0 0 0 0 2.220446049250313e-16 
y 0.09820953569648642 0 0 0 0 
y 0 0.1025452367425308 0 0 0 
y 0 0 1.160926593180269 0 0 
y 0 0 0 17.01373555021592 0 
y 0 0 0 0 2.220446049250313e-16 
y 0.00209479001174307 0 0 0 0 
y 0 0.002825273299218639 0 0 0 
y 0 0 1.118055391290895 0 0 
y 0 0 0 39.08538439848925 0 
y 0 0 0 0 2.220446049250313e-16 
y 0.1308344667005375 0 0 0 0 
y 0 0.1339178010096412 0 0 0 
y 0 0 1.21715128024048 0 0 
y 0 0 0 492.0863029948209 0 
y 0 0 0 0 2.220446049250313e-16 
y 0.1308344667005375 0 0 0 0 
y 0 0.1339178010096412 0 0 0 
y 0 0 1.21715128024048 0 0 
y 0 0 0 492.0863029948209 0 
y 0 0 0 0 2.220446049250313e-16 
y 0.1246590453875707 0 0 0 0 
y 0 0.1249108188807877 0 0 0 
y 0 0 0.7554936389008479 0 0 
y 0 0 0 1.566119834429199e-05 0 
y 0 0 0 0 2.220446049250313e-16 
y 0.149311086485919 0 0 0 0 
y 0 0.1495283784398917 0 0 0 
y 0 0 0.3352940077355684 0 0 
y 0 0 0 2.640584366954886e-05 0 
y 0 0 0 0 2.220446049250313e-16 
y 0.06055336804038584 0 0 0 0 
y 0 0.06055336804038584 0 0 0 
y 0 0 2.659594880261877 0 0 
y 0 0 0 0.6857886420623477 0 
y 0 0 0 0 2.220446049250313e-16 
y 0.01874728195415709 0 0 0 0 
y 0 0.01874728195415709 0 0 0 
y 0 0 3.393373157081217 0 0 
y 0 0 0 1.626348641992924 0 
y 0 0 0 0 2.220446049250313e-16 
y 0.1619865613043524 0 0 0 0 
y 0 0.1699778641792332 0 0 0 
y 0 0 2.599254563916217 0 0 
y 0 0 0 2.295848569766558 0 
y 0 0 0 0 2.220446049250313e-16 
y 0.1754904286159092 0 0 0 0 
y 0 0.1839760264690216 0 0 0 
y 0 0 2.417340007118131 0 0 
y 0 0 0 31.38545712824949 0 
y 0 0 0 0 2.220446049250313e-16 
y 0.07448474130167593 0 0 0 0 
y 0 0.07451012148417789 0 0 0 
y 0 0 2.350069794067651 0 0 
y 0 0 0 0.02864787475103746 0 
y 0 0 0 0 2.220446049250313e-16 
y 0.01629467276099998 0 0 0 0 
y 0 0.0163450093536063 0 0 0 
y 0 0 3.440372653643535 0 0 
y 0 0 0 0.00584219938780773 0 
y 0 0 0 0 2.220446049250313e-16 
y 0.02567894496772212 0 0 0 0 
y 0 0.02650840630989949 0 0 0 
y 0 0 1.531862245967901 0 0 
y 0 0 0 234.1963341625407 0 
y 0 0 0 0 2.220446049250313e-16 
y 0.03125036238261469 0 0 0 0 
y 0 0.03602109400751148 0 0 0 
y 0 0 0.7754226848175222 0 0 
y 0 0 0 1116.77736020319 0 
y 0 0 0 0 2.220446049250313e-16 
y 0.1466157450483438 0 0 0 0 
y 0 0.1479875736277105 0 0 0 
y 0 0 2.201589654858101 0 0 
y 0 0 0 0.1070530765141448 0 
y 0 0 0 0 2.220446049250313e-16 
y 0.04875303675334013 0 0 0 0 
y 0 0.04923161247970673 0 0 0 
y 0 0 1.090509655744353 0 0 
y 0 0 0 1.487764136749869 0 
y 0 0 0 0 2.220446049250313e-16 
y 0.1416809842768942 0 0 0 0 
y 0 0.141860436004545 0 0 0 
y 0 0 3.395415672125687 0 0 
y 0 0 0 0.7552520015381935 0 
y 0 0 0 0 2.220446049250313e-16 
y 0.1579614008895547 0 0 0 0 
y 0 0.1581533226366268 0 0 0 
y 0 0 4.504623317728176 0 0 
y 0 0 0 1.62451394951188 0 
y 0 0 0 0 2.220446049250313e-16 
y 0.0114628670919642 0 0 0 0 
y 0 0.0115127832564332 0 0 0 
y 0 0 0.2865490720134281 0 0 
y 0 0 0 0.0002314634076421637 0 
y 0 0 0 0 2.220446049250313e-16 
y 0.08812844622146457 0 0 0 0 
y 0 0.08829555434827956 0 0 0 
y 0 0 2.611922231103442 0 0 
y 0 0 0 0.001973744096150556 0 
y 0 0 0 0 2.220446049250313e-16 
y 0.1132016633151762 0 0 0 0 
y 0 0.1133003846146195 0 0 0 
y 0 0 2.774251406595515 0 0 
y 0 0 0 0.005503893971626737 0 
y 0 0 0 0 2.220446049250313e-16 
y 0.02992784672737736 0 0 0 0 
y 0 0.03004726122969443 0 0 0 
y 0 0 3.228543333939934 0 0 
y 0 0 0 0.001024691711579599 0 
y 0 0 0 0 2.220446049250313e-16 
y 0.02832541073221072 0 0 0 0 
y 0 0.0283275411475757 0 0 0 
y 0 0 3.734727095512488 0 0 
y 0 0 0 0.05790260296836542 0 
y 0 0 0 0 2.220446049250313e-16 
y 0.07223638596264809 0 0 0 0 
y 0 0.07223704671304319 0 0 0 
y 0 0 3.008029945646967 0 0 
y 0 0 0 0.02375146571607466 0 
y 0 0 0 0 2.220446049250313e-16 
y 0.03140134466032554 0 0 0 0 
y 0 0.03195237009727998 0 0 0 
y 0 0 2.753794170110993 0 0 
y 0 0 0 3.027090306937789 0 
y 0 0 0 0 2.220446049250313e-16 
y 0.0635051899633287 0 0 0 0 
y 0 0.0636493675712914 0 0 0 
y 0 0 2.363448342484936 0 0 
y 0 0 0 2.572581360214408 0 
y 0 0 0 0 2.220446049250313e-16 
y 0.03102354452136714 0 0 0 0 
y 0 0.03123062011512226 0 0 0 
y 0 0 1.210710876351035 0 0 
y 0 0 0 22.28917503554367 0 
y 0 0 0 0 2.220446049250313e-16 
y 0.06889104342032715 0 0 0 0 
y 0 0.06910413239675085 0 0 0 
y 0 0 0.9863734070619005 0 0 
y 0 0 0 134.2679487846928 0 
y 0 0 0 0 2.220446049250313e-16 
y 0.0469744096535735 0 0 0 0 
y 0 0.04870864064796972 0 0 0 
y 0 0 2.911205513801972 0 0 
y 0 0 0 2.154112124489433 0 
y 0 0 0 0 2.220446049250313e-16 
y 0.01137506066757168 0 0 0 0 
y 0 0.01244687839691558 0 0 0 
y 0 0 2.85361732549563 0 0 
y 0 0 0 0.3346405069475555 0 
y 0 0 0 0 2.220446049250313e-16 
y 0.0686741777122277 0 0 0 0 
y 0 0.07150737287454421 0 0 0 
y 0 0 0.2424273874207954 0 0 
y 0 0 0 0.00130359656758656 0 
y 0 0 0 0 2.220446049250313e-16 
y 0.0630437102468218 0 0 0 0 
y 0 0.06931049682817929 0 0 0 
y 0 0 0.8366352542787286 0 0 
y 0 0 0 0.001403769378752947 0 
y 0 0 0 0 2.220446049250313e-16 
y 0.162571504628459 0 0 0 0 
y 0 0.1657964591494022 0 0 0 
y 0 0 2.683263595337918 0 0 
y 0 0 0 0.07580413200936086 0 
y 0 0 0 0 2.220446049250313e-16 
y 0.1443447414114198 0 0 0 0 
y 0 0.147699220574427 0 0 0 
y 0 0 2.928118812134038 0 0 
y 0 0 0 1.18420323354516 0 
y 0 0 0 0 2.220446049250313e-16 
y 0.1609346300593794 0 0 0 0 
y 0 0.1621652654511025 0 0 0 
y 0 0 1.550462940832309 0 0 
y 0 0 0 3.058115624904359 0 
y 0 0 0 0 2.220446049250313e-16 
y 7.788911364148766e-05 0 0 0 0 
y 0 7.834321978000179e-05 0 0 0 
y 0 0 0.631459556260713 0 0 
y 0 0 0 0.0199554395042301 0 
y 0 0 0 0 2.220446049250313e-16 
y 0.1041007799235586 0 0 0 0 
y 0 0.1043994094350432 0 0 0 
y 0 0 1.729253485061689 0 0 
y 0 0 0 7.521822081837088 0 
y 0 0 0 0 2.220446049250313e-16 
y 2.220446049250313e-16 0 0 0 0 
y 0 2.220446049250313e-16 0 0 0 
y 0 0 2.220446049250313e-16 0 0 
y 0 0 0 2.220446049250313e-16 0 
y 0 0 0 0 2.220446049250313e-16 
y 0.1308410150209859 0 0 0 0 
y 0 0.1426856378520998 0 0 0 
y 0 0 1.081655296730535 0 0 
y 0 0 0 1.965651855201661e-06 0 
y 0 0 0 0 2.220446049250313e-16 
y 0.1263249311475942 0 0 0 0 
y 0 0.1358227528409931 0 0 0 
y 0 0 0.3241647011369541 0 0 
y 0 0 0 1.783452002408585e-06 0 
y 0 0 0 0 2.220446049250313e-16 
y 0.05768207411132843 0 0 0 0 
y 0 0.0586906669251241 0 0 0 
y 0 0 3.08449432534518 0 0 
y 0 0 0 0.2904369378030237 0 
y 0 0 0 0 2.220446049250313e-16 
y 0.02105164103934429 0 0 0 0 
y 0 0.02369346945205537 0 0 0 
y 0 0 3.887842466276886 0 0 
y 0 0 0 0.07356097554022961 0 
y 0 0 0 0 2.220446049250313e-16 
y 0.1487331221410643 0 0 0 0 
y 0 0.1487331221410643 0 0 0 
y 0 0 2.700230985111673 0 0 
y 0 0 0 1.546596428187526 0 
y 0 0 0 0 2.220446049250313e-16 
y 0.1193317154641685 0 0 0 0 
y 0 0.1193317154641685 0 0 0 
y 0 0 3.343647655694096 0 0 
y 0 0 0 0.1421129669942925 0 
y 0 0 0 0 2.220446049250313e-16 
y 0.1378949114058716 0 0 0 0 
y 0 0.149225749296703 0 0 0 
y 0 0 0.7630006406418801 0 0 
y 0 0 0 0.003958630201661823 0 
y 0 0 0 0 2.220446049250313e-16 
y 0.225830344387206 0 0 0 0 
y 0 0.236488726888679 0 0 0 
y 0 0 0.4036349879603477 0 0 
y 0 0 0 0.000525684520661818 0 
y 0 0 0 0 2.220446049250313e-16 
y 0.02329581957169198 0 0 0 0 
y 0 0.02377091850919798 0 0 0 
y 0 0 1.174811348204609 0 0 
y 0 0 0 21.83767146894892 0 
y 0 0 0 0 2.220446049250313e-16 
y 0.03713430419957292 0 0 0 0 
y 0 0.03726834363653387 0 0 0 
y 0 0 1.513489799022212 0 0 
y 0 0 0 107.1593143644484 0 
y 0 0 0 0 2.220446049250313e-16 
y 0.1883501164986229 0 0 0 0 
y 0 0.1940378839733665 0 0 0 
y 0 0 0.04311774487675538 0 0 
y 0 0 0 2.766520100457168e-05 0 
y 0 0 0 0 2.220446049250313e-16 
y 0.1067188776932469 0 0 0 0 
y 0 0.1090261933669023 0 0 0 
y 0 0 2.594541280756348 0 0 
y 0 0 0 0.0864279454728045 0 
y 0 0 0 0 2.220446049250313e-16 
y 0.1061260676164071 0 0 0 0 
y 0 0.1105420958477024 0 0 0 
y 0 0 3.481975422789443 0 0 
y 0 0 0 0.4509790257740761 0 
y 0 0 0 0 2.220446049250313e-16 
y 2.220446049250313e-16 0 0 0 0 
y 0 2.220446049250313e-16 0 0 0 
y 0 0 2.220446049250313e-16 0 0 
y 0 0 0 2.220446049250313e-16 0 
y 0 0 0 0 2.220446049250313e-16 
y 0.1126575950801049 0 0 0 0 
y 0 0.1181961119257594 0 0 0 
y 0 0 0.3304425575003162 0 0 
y 0 0 0 0.0002203578772890973 0 
y 0 0 0 0 2.220446049250313e-16 
y 0.05322633918218646 0 0 0 0 
y 0 0.05651452822790273 0 0 0 
y 0 0 0.2538527104599391 0 0 
y 0 0 0 9.945488568191506e-05 0 
y 0 0 0 0 2.220446049250313e-16 
y 0.1205968983020183 0 0 0 0 
y 0 0.1293611646937677 0 0 0 
y 0 0 0.2393296077441892 0 0 
y 0 0 0 0.0001237224982004159 0 
y 0 0 0 0 2.220446049250313e-16 
y 0.1164887513100387 0 0 0 0 
y 0 0.1241147913220901 0 0 0 
y 0 0 0.4151014412291413 0 0 
y 0 0 0 0.002003916647338104 0 
y 0 0 0 0 2.220446049250313e-16 
y 0.1292247769654606 0 0 0 0 
y 0 0.1367722771835073 0 0 0 
y 0 0 1.018641711974473 0 0 
y 0 0 0 0.003461629190746246 0 
y 0 0 0 0 2.220446049250313e-16 
y 0.1575703353170061 0 0 0 0 
y 0 0.1659067234394352 0 0 0 
y 0 0 0.2515178354267268 0 0 
y 0 0 0 0.007291510076671372 0 
y 0 0 0 0 2.220446049250313e-16 
y 0.07797297180408763 0 0 0 0 
y 0 0.07856289607456005 0 0 0 
y 0 0 2.562624027006273 0 0 
y 0 0 0 0.2294465008409727 0 
y 0 0 0 0 2.220446049250313e-16 
y 0.0164995682787095 0 0 0 0 
y 0 0.01760791700320492 0 0 0 
y 0 0 2.951417291839647 0 0 
y 0 0 0 0.1242105960405761 0 
y 0 0 0 0 2.220446049250313e-16 
y 0.04247316026191909 0 0 0 0 
y 0 0.04748669985283663 0 0 0 
y 0 0 0.9345469653996729 0 0 
y 0 0 0 118416.3545910919 0 
y 0 0 0 0 2.220446049250313e-16 
y 0.08730641390140088 0 0 0 0 
y 0 0.09360305611723166 0 0 0 
y 0 0 0.993030596649949 0 0 
y 0 0 0 3374.657729535898 0 
y 0 0 0 0 2.220446049250313e-16 
y 0.03997130921426822 0 0 0 0 
y 0 0.03999148784925779 0 0 0 
y 0 0 2.928794962826224 0 0 
y 0 0 0 1127.863757738719 0 
y 0 0 0 0 2.220446049250313e-16 
y 0.003051301889867129 0 0 0 0 
y 0 0.003054784518837614 0 0 0 
y 0 0 2.575093328894639 0 0 
y 0 0 0 177.5048110748868 0 
y 0 0 0 0 2.220446049250313e-16 
y 0.05318896199113455 0 0 0 0 
y 0 0.05319583359428664 0 0 0 
y 0 0 2.782366471701589 0 0 
y 0 0 0 0.7683703505921062 0 
y 0 0 0 0 2.220446049250313e-16 
y 0.07279660425693532 0 0 0 0 
y 0 0.07279873579265508 0 0 0 
y 0 0 0.1461169846882806 0 0 
y 0 0 0 1.0791637966912 0 
y 0 0 0 0 2.220446049250313e-16 
y 0.182184435779359 0 0 0 0 
y 0 0.1844633928199931 0 0 0 
y 0 0 2.347338922239266 0 0 
y 0 0 0 32.07695397295011 0 
y 0 0 0 0 2.220446049250313e-16 
y 0.1423877157944637 0 0 0 0 
y 0 0.1444771981783815 0 0 0 
y 0 0 2.401908503569319 0 0 
y 0 0 0 525.6767362587677 0 
y 0 0 0 0 2.220446049250313e-16 
y 0.1543178370703017 0 0 0 0 
y 0 0.170772353921315 0 0 0 
y 0 0 0.8835282561558278 0 0 
y 0 0 0 5781.099873912084 0 
y 0 0 0 0 2.220446049250313e-16 
y 0.1543178370703017 0 0 0 0 
y 0 0.170772353921315 0 0 0 
y 0 0 0.8835282561558278 0 0 
y 0 0 0 5781.099873912084 0 
y 0 0 0 0 2.220446049250313e-16 
y 0.09249094975477314 0 0 0 0 
y 0 0.09544723404296668 0 0 0 
y 0 0 0.3307616119460342 0 0 
y 0 0 0 46475.30299778961 0 
y 0 0 0 0 2.220446049250313e-16 
y 0.09249094975477314 0 0 0 0 
y 0 0.09544723404296668 0 0 0 
y 0 0 0.3307616119460342 0 0 
y 0 0 0 46475.30299778961 0 
y 0 0 0 0 2.220446049250313e-16 
y 0.1213487734306615 0 0 0 0 
y 0 0.1213621157394379 0 0 0 
y 0 0 2.978017967382973 0 0 
y 0 0 0 0.003164251330322311 0 
y 0 0 0 0 2.220446049250313e-16 
y 0.004560428990095088 0 0 0 0 
y 0 0.004560541694747538 0 0 0 
y 0 0 0.05781237064598404 0 0 
y 0 0 0 1.214707510491424e-06 0 
y 0 0 0 0 2.220446049250313e-16 
y 0.1796435556267412 0 0 0 0 
y 0 0.1798309720562999 0 0 0 
y 0 0 2.956627375317178 0 0 
y 0 0 0 175.7065188228018 0 
y 0 0 0 0 2.220446049250313e-16 
y 0.1796435556267412 0 0 0 0 
y 0 0.1798309720562999 0 0 0 
y 0 0 2.956627375317178 0 0 
y 0 0 0 175.7065188228018 0 
y 0 0 0 0 2.220446049250313e-16 
y 0.1870819904288119 0 0 0 0 
y 0 0.1990408014675366 0 0 0 
y 0 0 2.300400396572718 0 0 
y 0 0 0 1996.895491087954 0 
y 0 0 0 0 2.220446049250313e-16 
y 2.220446049250313e-16 0 0 0 0 
y 0 2.220446049250313e-16 0 0 0 
y 0 0 2.220446049250313e-16 0 0 
y 0 0 0 2.220446049250313e-16 0 
y 0 0 0 0 2.220446049250313e-16 
n 
n 
n 
n 
n 
n 
n 
n 
n 
n 
y 0.095193734256884 0 0 0 0 
y 0 0.1040584543673906 0 0 0 
y 0 0 1.138330303571929 0 0 
y 0 0 0 50334.02204565215 0 
y 0 0 0 0 2.220446049250313e-16 
y 0.095193734256884 0 0 0 0 
y 0 0.1040584543673906 0 0 0 
y 0 0 1.138330303571929 0 0 
y 0 0 0 50334.02204565215 0 
y 0 0 0 0 2.220446049250313e-16 
n 
n 
n 
n 
n 
n 
n 
n 
n 
n 
y 0.1512844720792649 0 0 0 0 
y 0 0.1520938055880599 0 0 0 
y 0 0 3.222771592700735 0 0 
y 0 0 0 306.3817376613555 0 
y 0 0 0 0 2.220446049250313e-16 
y 2.220446049250313e-16 0 0 0 0 
y 0 2.220446049250313e-16 0 0 0 
y 0 0 2.220446049250313e-16 0 0 
y 0 0 0 2.220446049250313e-16 0 
y 0 0 0 0 2.220446049250313e-16 
y 0.1935734230663812 0 0 0 0 
y 0 0.1935790881652979 0 0 0 
y 0 0 3.555183488501548 0 0 
y 0 0 0 9.448001212519625e-05 0 
y 0 0 0 0 2.220446049250313e-16 
y 0.02303276541422656 0 0 0 0 
y 0 0.02303314818847801 0 0 0 
y 0 0 4.548443024005992 0 0 
y 0 0 0 0.04823682173410335 0 
y 0 0 0 0 2.220446049250313e-16 
y 0.144161098796789 0 0 0 0 
y 0 0.1441654022818975 0 0 0 
y 0 0 3.685598300454197 0 0 
y 0 0 0 0.2109171389037431 0 
y 0 0 0 0 2.220446049250313e-16 
y 0.144161098796789 0 0 0 0 
y 0 0.1441654022818975 0 0 0 
y 0 0 3.685598300454197 0 0 
y 0 0 0 0.2109171389037431 0 
y 0 0 0 0 2.220446049250313e-16 
y 0.1969757134250567 0 0 0 0 
y 0 0.1971302295799107 0 0 0 
y 0 0 4.44522124888928 0 0 
y 0 0 0 1.427010624346683 0 
y 0 0 0 0 2.220446049250313e-16 
y 0.1975464949133947 0 0 0 0 
y 0 0.1977223749338219 0 0 0 
y 0 0 4.012304287889481 0 0 
y 0 0 0 0.123891975464604 0 
y 0 0 0 0 2.220446049250313e-16 
y 0.1755999471130898 0 0 0 0 
y 0 0.1785996891628309 0 0 0 
y 0 0 2.697826806445038 0 0 
y 0 0 0 87.24260732717879 0 
y 0 0 0 0 2.220446049250313e-16 
y 2.220446049250313e-16 0 0 0 0 
y 0 2.220446049250313e-16 0 0 0 
y 0 0 2.220446049250313e-16 0 0 
y 0 0 0 2.220446049250313e-16 0 
y 0 0 0 0 2.220446049250313e-16 
y 0.04557510859149412 0 0 0 0 
y 0 0.04559139495105616 0 0 0 
y 0 0 2.396464323138871 0 0 
y 0 0 0 3.805397314000534 0 
y 0 0 0 0 2.220446049250313e-16 
y 0.005246571734683377 0 0 0 0 
y 0 0.005252898599155163 0 0 0 
y 0 0 2.040621332680208 0 0 
y 0 0 0 1.223164604762192 0 
y 0 0 0 0 2.220446049250313e-16 
y 0.006857099851808108 0 0 0 0 
y 0 0.00767267020903733 0 0 0 
y 0 0 0.04698976872393822 0 0 
y 0 0 0 0.006793281059686426 0 
y 0 0 0 0 2.220446049250313e-16 
y 0.04880663253713585 0 0 0 0 
y 0 0.05277379273417713 0 0 0 
y 0 0 4.68220302624179 0 0 
y 0 0 0 0.038771828023352 0 
y 0 0 0 0 2.220446049250313e-16 
y 0.06426530351090461 0 0 0 0 
y 0 0.06909581353016588 0 0 0 
y 0 0 0.1343522356699876 0 0 
y 0 0 0 3.632538984157195e-05 0 
y 0 0 0 0 2.220446049250313e-16 
y 0.04907961393010743 0 0 0 0 
y 0 0.05715799426917437 0 0 0 
y 0 0 0.1748815433103035 0 0 
y 0 0 0 2.255551365152587e-05 0 
y 0 0 0 0 2.220446049250313e-16 
y 0.1202660201471973 0 0 0 0 
y 0 0.12781085730836 0 0 0 
y 0 0 0.4194644176181589 0 0 
y 0 0 0 0.008234286668713633 0 
y 0 0 0 0 2.220446049250313e-16 
y 0.1156547180097254 0 0 0 0 
y 0 0.1209263848727181 0 0 0 
y 0 0 0.1875275376004129 0 0 
y 0 0 0 0.009125228465072471 0 
y 0 0 0 0 2.220446049250313e-16 
y 0.03335213326532964 0 0 0 0 
y 0 0.03335214966645358 0 0 0 
y 0 0 2.461889561175294 0 0 
y 0 0 0 0.05958782300549517 0 
y 0 0 0 0 2.220446049250313e-16 
y 0.002131712461023332 0 0 0 0 
y 0 0.002131728357877534 0 0 0 
y 0 0 2.123909527533569 0 0 
y 0 0 0 0.03468969202518739 0 
y 0 0 0 0 2.220446049250313e-16 
y 0.05639008063223429 0 0 0 0 
y 0 0.05730290158940074 0 0 0 
y 0 0 2.121670931307999 0 0 
y 0 0 0 1.047062957586628 0 
y 0 0 0 0 2.220446049250313e-16 
y 0.05639008063223429 0 0 0 0 
y 0 0.05730290158940074 0 0 0 
y 0 0 2.121670931307999 0 0 
y 0 0 0 1.047062957586628 0 
y 0 0 0 0 2.220446049250313e-16 
y 0.08477953181433426 0 0 0 0 
y 0 0.09311407041108563 0 0 0 
y 0 0 0.3342737612323616 0 0 
y 0 0 0 6.656781257119925e-08 0 
y 0 0 0 0 2.220446049250313e-16 
y 0.08566081906657332 0 0 0 0 
y 0 0.09688861292965521 0 0 0 
y 0 0 0.2391997201736344 0 0 
y 0 0 0 2.762495693310859e-08 0 
y 0 0 0 0 2.220446049250313e-16 
y 0.09883485572295342 0 0 0 0 
y 0 0.1083518857013357 0 0 0 
y 0 0 0.3524184503226321 0 0 
y 0 0 0 0.000940995932633743 0 
y 0 0 0 0 2.220446049250313e-16 
y 0.1038763172949549 0 0 0 0 
y 0 0.1112284395479722 0 0 0 
y 0 0 0.2844021309553902 0 0 
y 0 0 0 0.001906955007753795 0 
y 0 0 0 0 2.220446049250313e-16 
y 0.1141344764654804 0 0 0 0 
y 0 0.1151915412776002 0 0 0 
y 0 0 0.3600567689238897 0 0 
y 0 0 0 0.01675562912411274 0 
y 0 0 0 0 2.220446049250313e-16 
y 0.1245125690263408 0 0 0 0 
y 0 0.1256537663846559 0 0 0 
y 0 0 0.5055677114964835 0 0 
y 0 0 0 0.01937666509333911 0 
y 0 0 0 0 2.220446049250313e-16 
y 0.06733007960006157 0 0 0 0 
y 0 0.07553451116252409 0 0 0 
y 0 0 0.4334839591807524 0 0 
y 0 0 0 1.16560722001107e-05 0 
y 0 0 0 0 2.220446049250313e-16 
y 0.09189395257473137 0 0 0 0 
y 0 0.09886232142161533 0 0 0 
y 0 0 0.2304140503579426 0 0 
y 0 0 0 9.555010580839205e-06 0 
y 0 0 0 0 2.220446049250313e-16 
n 
n 
n 
n 
n 
n 
n 
n 
n 
n 
y 0.1251751253089663 0 0 0 0 
y 0 0.131314839498171 0 0 0 
y 0 0 0.2485044788607385 0 0 
y 0 0 0 0.00695458046439274 0 
y 0 0 0 0 2.220446049250313e-16 
y 0.1505018659199319 0 0 0 0 
y 0 0.1586253553777632 0 0 0 
y 0 0 0.07154521603105929 0 0 
y 0 0 0 0.001690361859253543 0 
y 0 0 0 0 2.220446049250313e-16 
y 0.1154738473754869 0 0 0 0 
y 0 0.1223480294761263 0 0 0 
y 0 0 3.802542343703819 0 0 
y 0 0 0 0.01108423256278041 0 
y 0 0 0 0 2.220446049250313e-16 
y 0.1154738473754869 0 0 0 0 
y 0 0.1223480294761263 0 0 0 
y 0 0 3.802542343703819 0 0 
y 0 0 0 0.01108423256278041 0 
y 0 0 0 0 2.220446049250313e-16 
y 0.05727978711511104 0 0 0 0 
y 0 0.06130592533314907 0 0 0 
y 0 0 0.2534709041956304 0 0 
y 0 0 0 5.058062672871113e-06 0 
y 0 0 0 0 2.220446049250313e-16 
y 0.1761273895782327 0 0 0 0 
y 0 0.1870506250502846 0 0 0 
y 0 0 0.1507268284323559 0 0 
y 0 0 0 4.793430647457401e-07 0 
y 0 0 0 0 2.220446049250313e-16 
y 0.05853785544763446 0 0 0 0 
y 0 0.06243850734292179 0 0 0 
y 0 0 0.122072981838632 0 0 
y 0 0 0 4.718146828919103e-06 0 
y 0 0 0 0 2.220446049250313e-16 
y 0.01863861774637798 0 0 0 0 
y 0 0.02099328748648105 0 0 0 
y 0 0 0.005862314552305179 0 0 
y 0 0 0 4.084737145251142e-06 0 
y 0 0 0 0 2.220446049250313e-16 
y 0.1219793181348379 0 0 0 0 
y 0 0.1312324506066461 0 0 0 
y 0 0 0.1836644911571437 0 0 
y 0 0 0 8.618797362241577e-05 0 
y 0 0 0 0 2.220446049250313e-16 
y 0.1258396492689445 0 0 0 0 
y 0 0.1371392418684259 0 0 0 
y 0 0 0.4596039446032074 0 0 
y 0 0 0 8.007625767969862e-05 0 
y 0 0 0 0 2.220446049250313e-16 
y 0.1357278580070133 0 0 0 0 
y 0 0.1432097644781043 0 0 0 
y 0 0 0.3154452982583548 0 0 
y 0 0 0 0.003269207785001406 0 
y 0 0 0 0 2.220446049250313e-16 
y 0.1372460810631523 0 0 0 0 
y 0 0.1432325573645265 0 0 0 
y 0 0 0.1498512771807731 0 0 
y 0 0 0 0.003034106020082514 0 
y 0 0 0 0 2.220446049250313e-16 
y 0.06957337702116571 0 0 0 0 
y 0 0.07310985577666419 0 0 0 
y 0 0 2.271639005439704 0 0 
y 0 0 0 766.7503180631077 0 
y 0 0 0 0 2.220446049250313e-16 
y 0.001143548712020163 0 0 0 0 
y 0 0.00116217566711776 0 0 0 
y 0 0 0.03117972159056418 0 0 
y 0 0 0 31.63843921143479 0 
y 0 0 0 0 2.220446049250313e-16 
y 0.02610987453037971 0 0 0 0 
y 0 0.02645562148413819 0 0 0 
y 0 0 4.178576809822493 0 0 
y 0 0 0 9.835552756769131 0 
y 0 0 0 0 2.220446049250313e-16 
y 0.01511690014955359 0 0 0 0 
y 0 0.01521850912761171 0 0 0 
y 0 0 0.0117635146977301 0 0 
y 0 0 0 13.45764311574071 0 
y 0 0 0 0 2.220446049250313e-16 
y 0.1380091812546244 0 0 0 0 
y 0 0.1395477501010932 0 0 0 
y 0 0 0.2330578593724839 0 0 
y 0 0 0 0.01204182833026783 0 
y 0 0 0 0 2.220446049250313e-16 
y 0.04741494686045435 0 0 0 0 
y 0 0.04847099121510805 0 0 0 
y 0 0 0.6985238218270692 0 0 
y 0 0 0 0.005700322405313749 0 
y 0 0 0 0 2.220446049250313e-16 
y 0.1650878889320178 0 0 0 0 
y 0 0.1651168919559797 0 0 0 
y 0 0 3.467381691261483 0 0 
y 0 0 0 7.707306003110345 0 
y 0 0 0 0 2.220446049250313e-16 
y 0.009800097634308263 0 0 0 0 
y 0 0.009800554517897938 0 0 0 
y 0 0 0.07033966482188092 0 0 
y 0 0 0 0.4901899026441632 0 
y 0 0 0 0 2.220446049250313e-16 
n 
n 
n 
n 
n 
n 
n 
n 
n 
n 
y 0.06421547384613775 0 0 0 0 
y 0 0.06473342100971365 0 0 0 
y 0 0 2.087253827077702 0 0 
y 0 0 0 26.14453891231293 0 
y 0 0 0 0 2.220446049250313e-16 
y 2.220446049250313e-16 0 0 0 0 
y 0 2.220446049250313e-16 0 0 0 
y 0 0 2.220446049250313e-16 0 0 
y 0 0 0 2.220446049250313e-16 0 
y 0 0 0 0 2.220446049250313e-16 
y 0.1504626800794628 0 0 0 0 
y 0 0.1527472387247418 0 0 0 
y 0 0 0.4677639368403254 0 0 
y 0 0 0 1.825765361741428e-05 0 
y 0 0 0 0 2.220446049250313e-16 
y 0.1004887906941413 0 0 0 0 
y 0 0.1028687828989235 0 0 0 
y 0 0 0.9176638307349915 0 0 
y 0 0 0 2.975584570201025e-05 0 
y 0 0 0 0 2.220446049250313e-16 
y 0.03986777216842565 0 0 0 0 
y 0 0.04056994202697817 0 0 0 
y 0 0 4.289098565147726 0 0 
y 0 0 0 0.5703289842045484 0 
y 0 0 0 0 2.220446049250313e-16 
y 0.08969033329577342 0 0 0 0 
y 0 0.09024770567136348 0 0 0 
y 0 0 3.114879177068585 0 0 
y 0 0 0 2.217410425780093 0 
y 0 0 0 0 2.220446049250313e-16 
y 0.1261349149252263 0 0 0 0 
y 0 0.1290110516176871 0 0 0 
y 0 0 2.614522919010394 0 0 
y 0 0 0 1.346945553332094 0 
y 0 0 0 0 2.220446049250313e-16 
y 0.08729962879767629 0 0 0 0 
y 0 0.08936491798880963 0 0 0 
y 0 0 3.364458101016029 0 0 
y 0 0 0 1.417561788308317 0 
y 0 0 0 0 2.220446049250313e-16 
n 
n 
n 
n 
n 
n 
n 
n 
n 
n 
y 0.1428421123011586 0 0 0 0 
y 0 0.1501451870507754 0 0 0 
y 0 0 2.147317268166482 0 0 
y 0 0 0 205.5349630324218 0 
y 0 0 0 0 2.220446049250313e-16 
y 0.1428421123011586 0 0 0 0 
y 0 0.1501451870507754 0 0 0 
y 0 0 2.147317268166482 0 0 
y 0 0 0 205.5349630324218 0 
y 0 0 0 0 2.220446049250313e-16 
y 0.1426851149736595 0 0 0 0 
y 0 0.1426851149736595 0 0 0 
y 0 0 3.435224970085724 0 0 
y 0 0 0 0.2423784715513678 0 
y 0 0 0 0 2.220446049250313e-16 
y 0.1520324141127775 0 0 0 0 
y 0 0.1520324141127775 0 0 0 
y 0 0 1.44464124774513 0 0 
y 0 0 0 0.006614449223099991 0 
y 0 0 0 0 2.220446049250313e-16 
n 
n 
n 
n 
n 
n 
n 
n 
n 
n 
y 0.08851836310587452 0 0 0 0 
y 0 0.09135555693113434 0 0 0 
y 0 0 3.991504313276037 0 0 
y 0 0 0 0.0006175295394633168 0 
y 0 0 0 0 2.220446049250313e-16 
y 0.08851836310587452 0 0 0 0 
y 0 0.09135555693113434 0 0 0 
y 0 0 3.991504313276037 0 0 
y 0 0 0 0.0006175295394633168 0 
y 0 0 0 0 2.220446049250313e-16 
y 0.01667540071196797 0 0 0 0 
y 0 0.01688686945321113 0 0 0 
y 0 0 4.908575101898879 0 0 
y 0 0 0 0.001118035490360128 0 
y 0 0 0 0 2.220446049250313e-16 
y 0.01667540071196797 0 0 0 0 
y 0 0.01688686945321113 0 0 0 
y 0 0 4.908575101898879 0 0 
y 0 0 0 0.001118035490360128 0 
y 0 0 0 0 2.220446049250313e-16 
y 0.08990620011243577 0 0 0 0 
y 0 0.090587542689033 0 0 0 
y 0 0 5.824629429633315 0 0 
y 0 0 0 0.002680027430590762 0 
y 0 0 0 0 2.220446049250313e-16 
y 0.08990620011243577 0 0 0 0 
y 0 0.090587542689033 0 0 0 
y 0 0 5.824629429633315 0 0 
y 0 0 0 0.002680027430590762 0 
y 0 0 0 0 2.220446049250313e-16 
y 0.01606532027319337 0 0 0 0 
y 0 0.01606889609063073 0 0 0 
y 0 0 4.569130543477775 0 0 
y 0 0 0 0.0301859297790813 0 
y 0 0 0 0 2.220446049250313e-16 
y 0.1153671842727058 0 0 0 0 
y 0 0.1153719318579094 0 0 0 
y 0 0 3.933763325292612 0 0 
y 0 0 0 1.336954345205396 0 
y 0 0 0 0 2.220446049250313e-16 
y 0.01564409350952074 0 0 0 0 
y 0 0.01680089851146335 0 0 0 
y 0 0 0.2431095015659086 0 0 
y 0 0 0 21.29423693205364 0 
y 0 0 0 0 2.220446049250313e-16 
y 0.08027750945977202 0 0 0 0 
y 0 0.08446945816277479 0 0 0 
y 0 0 0.1420483345424738 0 0 
y 0 0 0 165.4993068470405 0 
y 0 0 0 0 2.220446049250313e-16 
y 0.03811476750313333 0 0 0 0 
y 0 0.03819630801357071 0 0 0 
y 0 0 0.3119466451329657 0 0 
y 0 0 0 2.280794866159566 0 
y 0 0 0 0 2.220446049250313e-16 
y 2.220446049250313e-16 0 0 0 0 
y 0 2.220446049250313e-16 0 0 0 
y 0 0 2.220446049250313e-16 0 0 
y 0 0 0 2.220446049250313e-16 0 
y 0 0 0 0 2.220446049250313e-16 
y 0.07897973708582033 0 0 0 0 
y 0 0.0791380721782203 0 0 0 
y 0 0 0.07707271988889715 0 0 
y 0 0 0 0.001574566907941435 0 
y 0 0 0 0 2.220446049250313e-16 
y 2.220446049250313e-16 0 0 0 0 
y 0 2.220446049250313e-16 0 0 0 
y 0 0 2.220446049250313e-16 0 0 
y 0 0 0 2.220446049250313e-16 0 
y 0 0 0 0 2.220446049250313e-16 
y 0.1672537462897939 0 0 0 0 
y 0 0.1675646127732458 0 0 0 
y 0 0 0.8549767964738662 0 0 
y 0 0 0 1.222602449469883 0 
y 0 0 0 0 2.220446049250313e-16 
y 0.1672537462897939 0 0 0 0 
y 0 0.1675646127732458 0 0 0 
y 0 0 0.8549767964738662 0 0 
y 0 0 0 1.222602449469883 0 
y 0 0 0 0 2.220446049250313e-16 
y 0.1517182907626055 0 0 0 0 
y 0 0.1612923720847128 0 0 0 
y 0 0 0.9774399062925686 0 0 
y 0 0 0 0.6528219817476089 0 
y 0 0 0 0 2.220446049250313e-16 
y 0.0001259461028704222 0 0 0 0 
y 0 0.0001399242707442737 0 0 0 
y 0 0 0.001223137514955396 0 0 
y 0 0 0 0.05253026548146875 0 
y 0 0 0 0 2.220446049250313e-16 
y 0.02673978354568223 0 0 0 0 
y 0 0.02688983480414578 0 0 0 
y 0 0 0.02576632673987645 0 0 
y 0 0 0 3.612580117939068 0 
y 0 0 0 0 2.220446049250313e-16 
y 0.02673978354568223 0 0 0 0 
y 0 0.02688983480414578 0 0 0 
y 0 0 0.02576632673987645 0 0 
y 0 0 0 3.612580117939068 0 
y 0 0 0 0 2.220446049250313e-16 
y 0.0461571949377623 0 0 0 0 
y 0 0.04625033921092144 0 0 0 
y 0 0 0.2391628546016961 0 0 
y 0 0 0 9.938021893926312e-06 0 
y 0 0 0 0 2.220446049250313e-16 
y 0.0217766653428101 0 0 0 0 
y 0 0.02211841117888407 0 0 0 
y 0 0 2.60714166535466 0 0 
y 0 0 0 3.486009261048244e-06 0 
y 0 0 0 0 2.220446049250313e-16 
y 0.01902501280637108 0 0 0 0 
y 0 0.0190327831427851 0 0 0 
y 0 0 0.08157878050262095 0 0 
y 0 0 0 0.2348404159743056 0 
y 0 0 0 0 2.220446049250313e-16 
y 0.03199923716208221 0 0 0 0 
y 0 0.03207038921939903 0 0 0 
y 0 0 2.520310203049994 0 0 
y 0 0 0 2.156209973708441 0 
y 0 0 0 0 2.220446049250313e-16 
y 2.220446049250313e-16 0 0 0 0 
y 0 2.220446049250313e-16 0 0 0 
y 0 0 2.220446049250313e-16 0 0 
y 0 0 0 2.220446049250313e-16 0 
y 0 0 0 0 2.220446049250313e-16 
y 0.1309252495969864 0 0 0 0 
y 0 0.136042293639187 0 0 0 
y 0 0 1.438636253192926 0 0 
y 0 0 0 0.738978699324491 0 
y 0 0 0 0 2.220446049250313e-16 
y 0.2586524767040591 0 0 0 0 
y 0 0.2599053277710501 0 0 0 
y 0 0 3.431964765944617 0 0 
y 0 0 0 9.312873913896497e-05 0 
y 0 0 0 0 2.220446049250313e-16 
y 0.01718634843982886 0 0 0 0 
y 0 0.01725763482765398 0 0 0 
y 0 0 1.445567779281291 0 0 
y 0 0 0 0.005442928910156925 0 
y 0 0 0 0 2.220446049250313e-16 
y 0.1154738473754869 0 0 0 0 
y 0 0.1223480294761263 0 0 0 
y 0 0 0.4252799462881185 0 0 
y 0 0 0 229.9444845168535 0 
y 0 0 0 0 2.220446049250313e-16 
y 0.1154738473754869 0 0 0 0 
y 0 0.1223480294761263 0 0 0 
y 0 0 0.4252799462881185 0 0 
y 0 0 0 229.9444845168535 0 
y 0 0 0 0 2.220446049250313e-16 
n 
n 
n 
n 
n 
n 
n 
n 
n 
n 
n 
n 
n 
n 
n 
n 
n 
n 
n 
n 
y 0.1047190465778872 0 0 0 0 
y 0 0.1052775754793533 0 0 0 
y 0 0 0.2741048930387239 0 0 
y 0 0 0 0.0003392774005109169 0 
y 0 0 0 0 2.220446049250313e-16 
y 2.220446049250313e-16 0 0 0 0 
y 0 2.220446049250313e-16 0 0 0 
y 0 0 2.220446049250313e-16 0 0 
y 0 0 0 2.220446049250313e-16 0 
y 0 0 0 0 2.220446049250313e-16 
y 0.07300571246852577 0 0 0 0 
y 0 0.07350780530593101 0 0 0 
y 0 0 0.1724280471546892 0 0 
y 0 0 0 0.01394679059552263 0 
y 0 0 0 0 2.220446049250313e-16 
y 0.07300571246852577 0 0 0 0 
y 0 0.07350780530593101 0 0 0 
y 0 0 0.1724280471546892 0 0 
y 0 0 0 0.01394679059552263 0 
y 0 0 0 0 2.220446049250313e-16 
y 2.220446049250313e-16 0 0 0 0 
y 0 2.220446049250313e-16 0 0 0 
y 0 0 2.220446049250313e-16 0 0 
y 0 0 0 2.220446049250313e-16 0 
y 0 0 0 0 2.220446049250313e-16 
y 0.08814905468969664 0 0 0 0 
y 0 0.0883225338349224 0 0 0 
y 0 0 4.824911079139061 0 0 
y 0 0 0 0.01109596283659526 0 
y 0 0 0 0 2.220446049250313e-16 
y 0.05581299571309696 0 0 0 0 
y 0 0.05586981062131997 0 0 0 
y 0 0 0.2038709301789129 0 0 
y 0 0 0 0.03737033406058464 0 
y 0 0 0 0 2.220446049250313e-16 
y 0.0227275401818558 0 0 0 0 
y 0 0.02287063342275826 0 0 0 
y 0 0 2.795512210614556 0 0 
y 0 0 0 0.541477905170021 0 
y 0 0 0 0 2.220446049250313e-16 
y 0.02387663942096165 0 0 0 0 
y 0 0.0255144344578236 0 0 0 
y 0 0 0.5864461926634779 0 0 
y 0 0 0 181139.0184325151 0 
y 0 0 0 0 2.220446049250313e-16 
y 0.01006960889748682 0 0 0 0 
y 0 0.01379985795880483 0 0 0 
y 0 0 2.335216570726028 0 0 
y 0 0 0 847688.0245083872 0 
y 0 0 0 0 2.220446049250313e-16 
y 0.05278707131040394 0 0 0 0 
y 0 0.05281866037342028 0 0 0 
y 0 0 3.137901444903196 0 0 
y 0 0 0 2080.231663887042 0 
y 0 0 0 0 2.220446049250313e-16 
y 0.003998175771551898 0 0 0 0 
y 0 0.004011270031943359 0 0 0 
y 0 0 1.908507998967588 0 0 
y 0 0 0 6704.445766324178 0 
y 0 0 0 0 2.220446049250313e-16 
y 0.1431160682253282 0 0 0 0 
y 0 0.143170114728068 0 0 0 
y 0 0 2.025171465092924 0 0 
y 0 0 0 6.971791677529485 0 
y 0 0 0 0 2.220446049250313e-16 
y 0.1431160682253282 0 0 0 0 
y 0 0.143170114728068 0 0 0 
y 0 0 2.025171465092924 0 0 
y 0 0 0 6.971791677529485 0 
y 0 0 0 0 2.220446049250313e-16 
y 2.220446049250313e-16 0 0 0 0 
y 0 2.220446049250313e-16 0 0 0 
y 0 0 2.220446049250313e-16 0 0 
y 0 0 0 2.220446049250313e-16 0 
y 0 0 0 0 2.220446049250313e-16 
y 0.10577559899317 0 0 0 0 
y 0 0.1070942262405837 0 0 0 
y 0 0 2.006497194449315 0 0 
y 0 0 0 1889.02229721319 0 
y 0 0 0 0 2.220446049250313e-16 
y 0.1690911234207751 0 0 0 0 
y 0 0.1804367608482976 0 0 0 
y 0 0 0.7078516772022118 0 0 
y 0 0 0 7963.272457326623 0 
y 0 0 0 0 2.220446049250313e-16 
y 2.220446049250313e-16 0 0 0 0 
y 0 2.220446049250313e-16 0 0 0 
y 0 0 2.220446049250313e-16 0 0 
y 0 0 0 2.220446049250313e-16 0 
y 0 0 0 0 2.220446049250313e-16 
y 0.02507973676203851 0 0 0 0 
y 0 0.02624685788575627 0 0 0 
y 0 0 0.1152487541746392 0 0 
y 0 0 0 61249.86138864527 0 
y 0 0 0 0 2.220446049250313e-16 
y 0.02507973676203851 0 0 0 0 
y 0 0.02624685788575627 0 0 0 
y 0 0 0.1152487541746392 0 0 
y 0 0 0 61249.86138864527 0 
y 0 0 0 0 2.220446049250313e-16 
y 0.02208509457321168 0 0 0 0 
y 0 0.022085274387922 0 0 0 
y 0 0 1.760852124090783 0 0 
y 0 0 0 0.003468507080464386 0 
y 0 0 0 0 2.220446049250313e-16 
y 0.03766621513781854 0 0 0 0 
y 0 0.03766784450611864 0 0 0 
y 0 0 3.253022051014574 0 0 
y 0 0 0 0.009634345373525238 0 
y 0 0 0 0 2.220446049250313e-16 
y 0.09083289399894702 0 0 0 0 
y 0 0.09100773244750743 0 0 0 
y 0 0 3.216027766546591 0 0 
y 0 0 0 488.3162761992178 0 
y 0 0 0 0 2.220446049250313e-16 
y 0.09083289399894702 0 0 0 0 
y 0 0.09100773244750743 0 0 0 
y 0 0 3.216027766546591 0 0 
y 0 0 0 488.3162761992178 0 
y 0 0 0 0 2.220446049250313e-16 
y 0.07929857624514039 0 0 0 0 
y 0 0.08354102471831755 0 0 0 
y 0 0 1.856105707514199 0 0 
y 0 0 0 9176.635791177112 0 
y 0 0 0 0 2.220446049250313e-16 
y 0.07929857624514039 0 0 0 0 
y 0 0.08354102471831755 0 0 0 
y 0 0 1.856105707514199 0 0 
y 0 0 0 9176.635791177112 0 
y 0 0 0 0 2.220446049250313e-16 
y 0.0648805198564763 0 0 0 0 
y 0 0.06488217240263357 0 0 0 
y 0 0 1.40332353165972 0 0 
y 0 0 0 0.463259630989213 0 
y 0 0 0 0 2.220446049250313e-16 
y 2.220446049250313e-16 0 0 0 0 
y 0 2.220446049250313e-16 0 0 0 
y 0 0 2.220446049250313e-16 0 0 
y 0 0 0 2.220446049250313e-16 0 
y 0 0 0 0 2.220446049250313e-16 
y 0.09997096003341595 0 0 0 0 
y 0 0.1063397869299316 0 0 0 
y 0 0 0.8795386390786205 0 0 
y 0 0 0 93953.98517273339 0 
y 0 0 0 0 2.220446049250313e-16 
y 0.09997096003341595 0 0 0 0 
y 0 0.1063397869299316 0 0 0 
y 0 0 0.8795386390786205 0 0 
y 0 0 0 93953.98517273339 0 
y 0 0 0 0 2.220446049250313e-16 
y 0.1402856430771985 0 0 0 0 
y 0 0.1461682422294284 0 0 0 
y 0 0 1.37980611120313 0 0 
y 0 0 0 3.914590872532505 0 
y 0 0 0 0 2.220446049250313e-16 
y 0.04877783402837499 0 0 0 0 
y 0 0.04949455407448475 0 0 0 
y 0 0 0.7453240960707987 0 0 
y 0 0 0 8.616994905408005 0 
y 0 0 0 0 2.220446049250313e-16 
y 0.1181944603110711 0 0 0 0 
y 0 0.1188466917278272 0 0 0 
y 0 0 1.29464739787302 0 0 
y 0 0 0 495.7610747835703 0 
y 0 0 0 0 2.220446049250313e-16 
y 2.220446049250313e-16 0 0 0 0 
y 0 2.220446049250313e-16 0 0 0 
y 0 0 2.220446049250313e-16 0 0 
y 0 0 0 2.220446049250313e-16 0 
y 0 0 0 0 2.220446049250313e-16 
y 0.000785177053062071 0 0 0 0 
y 0 0.000785177053062071 0 0 0 
y 0 0 2.67820177790141 0 0 
y 0 0 0 0.1095720678824737 0 
y 0 0 0 0 2.220446049250313e-16 
y 0.05039631198248536 0 0 0 0 
y 0 0.05039631198248536 0 0 0 
y 0 0 3.248176264524431 0 0 
y 0 0 0 2.54551250256597 0 
y 0 0 0 0 2.220446049250313e-16 
y 0.02447252067522048 0 0 0 0 
y 0 0.02447260006270877 0 0 0 
y 0 0 2.856644588431013 0 0 
y 0 0 0 0.3741134711129442 0 
y 0 0 0 0 2.220446049250313e-16 
y 2.220446049250313e-16 0 0 0 0 
y 0 2.220446049250313e-16 0 0 0 
y 0 0 2.220446049250313e-16 0 0 
y 0 0 0 2.220446049250313e-16 0 
y 0 0 0 0 2.220446049250313e-16 
y 0.1580190513215813 0 0 0 0 
y 0 0.1582276718818839 0 0 0 
y 0 0 1.599823495236878 0 0 
y 0 0 0 15.20478758978725 0 
y 0 0 0 0 2.220446049250313e-16 
y 0.1580190513215813 0 0 0 0 
y 0 0.1582276718818839 0 0 0 
y 0 0 1.599823495236878 0 0 
y 0 0 0 15.20478758978725 0 
y 0 0 0 0 2.220446049250313e-16 
y 0.1101989177861239 0 0 0 0 
y 0 0.1118768817935177 0 0 0 
y 0 0 2.546746481856257 0 0 
y 0 0 0 725.3017090550428 0 
y 0 0 0 0 2.220446049250313e-16 
y 0.1101989177861239 0 0 0 0 
y 0 0.1118768817935177 0 0 0 
y 0 0 2.546746481856257 0 0 
y 0 0 0 725.3017090550428 0 
y 0 0 0 0 2.220446049250313e-16 
y 0.01134935841826033 0 0 0 0 
y 0 0.01226081274984353 0 0 0 
y 0 0 0.3137915209216243 0 0 
y 0 0 0 99666.6351178187 0 
y 0 0 0 0 2.220446049250313e-16 
y 0.1021827660223585 0 0 0 0 
y 0 0.1092531175743105 0 0 0 
y 0 0 0.6252718613502375 0 0 
y 0 0 0 1233041.947998822 0 
y 0 0 0 0 2.220446049250313e-16 
y 0.0314895767830102 0 0 0 0 
y 0 0.03153132890122077 0 0 0 
y 0 0 0.7714052264998583 0 0 
y 0 0 0 3529.522577658344 0 
y 0 0 0 0 2.220446049250313e-16 
y 2.220446049250313e-16 0 0 0 0 
y 0 2.220446049250313e-16 0 0 0 
y 0 0 2.220446049250313e-16 0 0 
y 0 0 0 2.220446049250313e-16 0 
y 0 0 0 0 2.220446049250313e-16 
y 0.04454970583975369 0 0 0 0 
y 0 0.04455845012312377 0 0 0 
y 0 0 1.088181858564722 0 0 
y 0 0 0 1.41676962206441 0 
y 0 0 0 0 2.220446049250313e-16 
y 0.006895966466488146 0 0 0 0 
y 0 0.006908044453155612 0 0 0 
y 0 0 2.261431959702301 0 0 
y 0 0 0 4.506554476598631 0 
y 0 0 0 0 2.220446049250313e-16 
y 0.09227441457188258 0 0 0 0 
y 0 0.09341416177769148 0 0 0 
y 0 0 1.291075422354509 0 0 
y 0 0 0 1806.568604548769 0 
y 0 0 0 0 2.220446049250313e-16 
y 2.220446049250313e-16 0 0 0 0 
y 0 2.220446049250313e-16 0 0 0 
y 0 0 2.220446049250313e-16 0 0 
y 0 0 0 2.220446049250313e-16 0 
y 0 0 0 0 2.220446049250313e-16 
y 0.09496865739856049 0 0 0 0 
y 0 0.09982289604214231 0 0 0 
y 0 0 0.6774459813102964 0 0 
y 0 0 0 470.0787243943684 0 
y 0 0 0 0 2.220446049250313e-16 
y 0.01558320345987016 0 0 0 0 
y 0 0.01644800548874944 0 0 0 
y 0 0 0.1287396814659537 0 0 
y 0 0 0 861.7948262553633 0 
y 0 0 0 0 2.220446049250313e-16 
y 0.08189306849222046 0 0 0 0 
y 0 0.08587719566506169 0 0 0 
y 0 0 1.064797488348852 0 0 
y 0 0 0 53291.13944256632 0 
y 0 0 0 0 2.220446049250313e-16 
y 0.08189306849222046 0 0 0 0 
y 0 0.08587719566506169 0 0 0 
y 0 0 1.064797488348852 0 0 
y 0 0 0 53291.13944256632 0 
y 0 0 0 0 2.220446049250313e-16 
y 0.009101876448037132 0 0 0 0 
y 0 0.009102628827375314 0 0 0 
y 0 0 2.826627995785604 0 0 
y 0 0 0 0.004876209152974704 0 
y 0 0 0 0 2.220446049250313e-16 
y 0.1404403590668832 0 0 0 0 
y 0 0.1404417716567234 0 0 0 
y 0 0 1.354558192890605 0 0 
y 0 0 0 0.01442090753726431 0 
y 0 0 0 0 2.220446049250313e-16 
y 0.1659604067236931 0 0 0 0 
y 0 0.1661993666616794 0 0 0 
y 0 0 1.996661739630292 0 0 
y 0 0 0 663.9912299224413 0 
y 0 0 0 0 2.220446049250313e-16 
y 0.07916845732742971 0 0 0 0 
y 0 0.07932589871955548 0 0 0 
y 0 0 0.01559782157398349 0 0 
y 0 0 0 518.9638333077468 0 
y 0 0 0 0 2.220446049250313e-16 
y 0.03140351300937752 0 0 0 0 
y 0 0.03214725241708263 0 0 0 
y 0 0 1.381584910391148 0 0 
y 0 0 0 3568.236236602391 0 
y 0 0 0 0 2.220446049250313e-16 
y 0.02580619406631816 0 0 0 0 
y 0 0.02973576925194647 0 0 0 
y 0 0 1.112109818408063 0 0 
y 0 0 0 2601.363371116741 0 
y 0 0 0 0 2.220446049250313e-16 
y 0.144161098796789 0 0 0 0 
y 0 0.1441654022818975 0 0 0 
y 0 0 1.25672274850747 0 0 
y 0 0 0 0.6004975756157441 0 
y 0 0 0 0 2.220446049250313e-16 
y 0.144161098796789 0 0 0 0 
y 0 0.1441654022818975 0 0 0 
y 0 0 1.25672274850747 0 0 
y 0 0 0 0.6004975756157441 0 
y 0 0 0 0 2.220446049250313e-16 
y 0.05487211436994654 0 0 0 0 
y 0 0.05875290751780524 0 0 0 
y 0 0 0.3030093442445703 0 0 
y 0 0 0 321795.252254036 0 
y 0 0 0 0 2.220446049250313e-16 
y 0.05487211436994654 0 0 0 0 
y 0 0.05875290751780524 0 0 0 
y 0 0 0.3030093442445703 0 0 
y 0 0 0 321795.252254036 0 
y 0 0 0 0 2.220446049250313e-16 
y 0.01667540071196797 0 0 0 0 
y 0 0.01688686945321113 0 0 0 
y 0 0 0.9615594655406176 0 0 
y 0 0 0 194.5532472716299 0 
y 0 0 0 0 2.220446049250313e-16 
y 0.01667540071196797 0 0 0 0 
y 0 0.01688686945321113 0 0 0 
y 0 0 0.9615594655406176 0 0 
y 0 0 0 194.5532472716299 0 
y 0 0 0 0 2.220446049250313e-16 
y 0.03094000295168817 0 0 0 0 
y 0 0.03109289588436182 0 0 0 
y 0 0 0.1832928182357361 0 0 
y 0 0 0 19.35871933654211 0 
y 0 0 0 0 2.220446049250313e-16 
y 0.1122962249653753 0 0 0 0 
y 0 0.1131708882889699 0 0 0 
y 0 0 0.1615632029875893 0 0 
y 0 0 0 188.7878768460341 0 
y 0 0 0 0 2.220446049250313e-16 
y 0.02270046217095766 0 0 0 0 
y 0 0.02270053480814928 0 0 0 
y 0 0 2.227211850705946 0 0 
y 0 0 0 0.4981642465047694 0 
y 0 0 0 0 2.220446049250313e-16 
y 0.02270046217095766 0 0 0 0 
y 0 0.02270053480814928 0 0 0 
y 0 0 2.227211850705946 0 0 
y 0 0 0 0.4981642465047694 0 
y 0 0 0 0 2.220446049250313e-16 
n 
n 
n 
n 
n 
n 
n 
n 
n 
n 
y 0.1986843254934461 0 0 0 0 
y 0 0.1989476748075802 0 0 0 
y 0 0 1.805514489411676 0 0 
y 0 0 0 2.261936608750558 0 
y 0 0 0 0 2.220446049250313e-16 
y 2.220446049250313e-16 0 0 0 0 
y 0 2.220446049250313e-16 0 0 0 
y 0 0 2.220446049250313e-16 0 0 
y 0 0 0 2.220446049250313e-16 0 
y 0 0 0 0 2.220446049250313e-16 
y 0.09462221176910368 0 0 0 0 
y 0 0.09522117272563395 0 0 0 
y 0 0 1.138760734971406 0 0 
y 0 0 0 319.1717078265953 0 
y 0 0 0 0 2.220446049250313e-16 
y 0.0156059892102161 0 0 0 0 
y 0 0.01659463346903175 0 0 0 
y 0 0 1.629572323866107 0 0 
y 0 0 0 1457.039029390024 0 
y 0 0 0 0 2.220446049250313e-16 
y 0.07957066509094829 0 0 0 0 
y 0 0.08517855455811268 0 0 0 
y 0 0 0.9115783185526198 0 0 
y 0 0 0 4171.907325161636 0 
y 0 0 0 0 2.220446049250313e-16 
y 0.02499503158272719 0 0 0 0 
y 0 0.02673117129652879 0 0 0 
y 0 0 0.4265590617068053 0 0 
y 0 0 0 54987.67386152337 0 
y 0 0 0 0 2.220446049250313e-16 
y 0.04169724356009812 0 0 0 0 
y 0 0.04169763006950077 0 0 0 
y 0 0 2.127920910619731 0 0 
y 0 0 0 262.7411807377637 0 
y 0 0 0 0 2.220446049250313e-16 
y 0.01316963591316714 0 0 0 0 
y 0 0.0131701204230414 0 0 0 
y 0 0 1.338908325516338 0 0 
y 0 0 0 955.3071665180174 0 
y 0 0 0 0 2.220446049250313e-16 
y 0.02061241598719262 0 0 0 0 
y 0 0.02063239868470579 0 0 0 
y 0 0 0.06506044532659233 0 0 
y 0 0 0 0.1195811109866674 0 
y 0 0 0 0 2.220446049250313e-16 
y 0.1122007039735179 0 0 0 0 
y 0 0.1122448124892335 0 0 0 
y 0 0 2.141589783078832 0 0 
y 0 0 0 0.7709558447277316 0 
y 0 0 0 0 2.220446049250313e-16 
y 0.03659012620928859 0 0 0 0 
y 0 0.03719436031205695 0 0 0 
y 0 0 1.563682161093046 0 0 
y 0 0 0 158.9142058900506 0 
y 0 0 0 0 2.220446049250313e-16 
y 0.04754766892382999 0 0 0 0 
y 0 0.04765399820656013 0 0 0 
y 0 0 0.9876931696734014 0 0 
y 0 0 0 235.418803546727 0 
y 0 0 0 0 2.220446049250313e-16 
y 0.1585644829788145 0 0 0 0 
y 0 0.1668750203143274 0 0 0 
y 0 0 0.7995462324086539 0 0 
y 0 0 0 194.1615180699939 0 
y 0 0 0 0 2.220446049250313e-16 
y 0.3245670248824548 0 0 0 0 
y 0 0.3481831399071345 0 0 0 
y 0 0 1.910969096863997 0 0 
y 0 0 0 216.9509617949853 0 
y 0 0 0 0 2.220446049250313e-16 
y 0.08149229547019748 0 0 0 0 
y 0 0.08399431238011229 0 0 0 
y 0 0 0.7675302480120557 0 0 
y 0 0 0 7681.157047410834 0 
y 0 0 0 0 2.220446049250313e-16 
y 2.220446049250313e-16 0 0 0 0 
y 0 2.220446049250313e-16 0 0 0 
y 0 0 2.220446049250313e-16 0 0 
y 0 0 0 2.220446049250313e-16 0 
y 0 0 0 0 2.220446049250313e-16 
y 0.1083347760701423 0 0 0 0 
y 0 0.1085800793593674 0 0 0 
y 0 0 2.56585061541321 0 0 
y 0 0 0 0.0009618658496539553 0 
y 0 0 0 0 2.220446049250313e-16 
y 0.0795279408654861 0 0 0 0 
y 0 0.07956303383946008 0 0 0 
y 0 0 0.1379825945436947 0 0 
y 0 0 0 0.0003288176751177708 0 
y 0 0 0 0 2.220446049250313e-16 
y 0.02171866273689893 0 0 0 0 
y 0 0.02172048605989218 0 0 0 
y 0 0 3.036719862406187 0 0 
y 0 0 0 18.66975207173216 0 
y 0 0 0 0 2.220446049250313e-16 
y 0.1043056851717747 0 0 0 0 
y 0 0.1043073244231436 0 0 0 
y 0 0 2.191045668149383 0 0 
y 0 0 0 155.5321357417586 0 
y 0 0 0 0 2.220446049250313e-16 
y 0.07815769530918881 0 0 0 0 
y 0 0.07962965121062289 0 0 0 
y 0 0 2.070890270577843 0 0 
y 0 0 0 1863.737021120357 0 
y 0 0 0 0 2.220446049250313e-16 
y 0.02431777263184054 0 0 0 0 
y 0 0.02768084508990953 0 0 0 
y 0 0 2.484797294885348 0 0 
y 0 0 0 317.2057731049587 0 
y 0 0 0 0 2.220446049250313e-16 
y 0.2114263622000584 0 0 0 0 
y 0 0.2116180567102043 0 0 0 
y 0 0 2.059805762627085 0 0 
y 0 0 0 1.228807110421264 0 
y 0 0 0 0 2.220446049250313e-16 
y 0.0121859404643164 0 0 0 0 
y 0 0.0122015792597235 0 0 0 
y 0 0 1.595197983639136 0 0 
y 0 0 0 0.0335209817498209 0 
y 0 0 0 0 2.220446049250313e-16 
y 0.1355638608796123 0 0 0 0 
y 0 0.1467377844144703 0 0 0 
y 0 0 1.243670437498656 0 0 
y 0 0 0 17518.11488961922 0 
y 0 0 0 0 2.220446049250313e-16 
y 0.1355638608796123 0 0 0 0 
y 0 0.1467377844144703 0 0 0 
y 0 0 1.243670437498656 0 0 
y 0 0 0 17518.11488961922 0 
y 0 0 0 0 2.220446049250313e-16 
y 0.0774827647530012 0 0 0 0 
y 0 0.0779542357771815 0 0 0 
y 0 0 0.8609810316542337 0 0 
y 0 0 0 4.227121994922552 0 
y 0 0 0 0 2.220446049250313e-16 
y 2.220446049250313e-16 0 0 0 0 
y 0 2.220446049250313e-16 0 0 0 
y 0 0 2.220446049250313e-16 0 0 
y 0 0 0 2.220446049250313e-16 0 
y 0 0 0 0 2.220446049250313e-16 
y 0.09089463830108109 0 0 0 0 
y 0 0.09110127661597865 0 0 0 
y 0 0 1.108774144701548 0 0 
y 0 0 0 175.0195022763023 0 
y 0 0 0 0 2.220446049250313e-16 
y 0.09089463830108109 0 0 0 0 
y 0 0.09110127661597865 0 0 0 
y 0 0 1.108774144701548 0 0 
y 0 0 0 175.0195022763023 0 
y 0 0 0 0 2.220446049250313e-16 
y 0.1580190513215813 0 0 0 0 
y 0 0.1582276718818839 0 0 0 
y 0 0 1.644206439218103 0 0 
y 0 0 0 0.09112918682733459 0 
y 0 0 0 0 2.220446049250313e-16 
y 0.1580190513215813 0 0 0 0 
y 0 0.1582276718818839 0 0 0 
y 0 0 1.644206439218103 0 0 
y 0 0 0 0.09112918682733459 0 
y 0 0 0 0 2.220446049250313e-16 
y 0.1911443024021612 0 0 0 0 
y 0 0.1913931925728506 0 0 0 
y 0 0 3.716945258444565 0 0 
y 0 0 0 0.1488485769776993 0 
y 0 0 0 0 2.220446049250313e-16 
y 0.131658216161109 0 0 0 0 
y 0 0.1318118150531783 0 0 0 
y 0 0 0.05632329394917224 0 0 
y 0 0 0 1.392137175496511e-05 0 
y 0 0 0 0 2.220446049250313e-16 
n 
n 
n 
n 
n 
n 
n 
n 
n 
n 
y 0.1065520072196309 0 0 0 0 
y 0 0.107157245785133 0 0 0 
y 0 0 2.18103111670286 0 0 
y 0 0 0 96.70189460555042 0 
y 0 0 0 0 2.220446049250313e-16 
y 0.03438516395094254 0 0 0 0 
y 0 0.03533064551410738 0 0 0 
y 0 0 1.926119418870463 0 0 
y 0 0 0 13.59736424670991 0 
y 0 0 0 0 2.220446049250313e-16 
y 0.05078398594181525 0 0 0 0 
y 0 0.05180691404089979 0 0 0 
y 0 0 1.102973941471741 0 0 
y 0 0 0 253.6631758883761 0 
y 0 0 0 0 2.220446049250313e-16 
y 0.01539155850271702 0 0 0 0 
y 0 0.01676090861459959 0 0 0 
y 0 0 1.357161482302293 0 0 
y 0 0 0 677.7381373256216 0 
y 0 0 0 0 2.220446049250313e-16 
y 0.0551780124973438 0 0 0 0 
y 0 0.05540338221583634 0 0 0 
y 0 0 2.969820678801155 0 0 
y 0 0 0 5.30888689834271 0 
y 0 0 0 0 2.220446049250313e-16 
y 0.01161554590878259 0 0 0 0 
y 0 0.01184165807547502 0 0 0 
y 0 0 3.333074121673685 0 0 
y 0 0 0 5.982939590118703 0 
y 0 0 0 0 2.220446049250313e-16 
y 0.05186465724861645 0 0 0 0 
y 0 0.05211113046770319 0 0 0 
y 0 0 0.1097247411895037 0 0 
y 0 0 0 0.004859933317649156 0 
y 0 0 0 0 2.220446049250313e-16 
y 0.05755966737463227 0 0 0 0 
y 0 0.05911319234049645 0 0 0 
y 0 0 4.082397238292832 0 0 
y 0 0 0 0.008826491018406752 0 
y 0 0 0 0 2.220446049250313e-16 
y 0.05221668301874528 0 0 0 0 
y 0 0.05221750423604566 0 0 0 
y 0 0 2.07331830522407 0 0 
y 0 0 0 1.867610130340543 0 
y 0 0 0 0 2.220446049250313e-16 
y 0.04450449384355371 0 0 0 0 
y 0 0.04450915753353615 0 0 0 
y 0 0 3.169377337300489 0 0 
y 0 0 0 5.927132858684179 0 
y 0 0 0 0 2.220446049250313e-16 
y 0.01369336777157187 0 0 0 0 
y 0 0.01472970981698349 0 0 0 
y 0 0 0.1565499641351981 0 0 
y 0 0 0 0.1010053678245803 0 
y 0 0 0 0 2.220446049250313e-16 
y 0.1500296364974899 0 0 0 0 
y 0 0.1574063851694789 0 0 0 
y 0 0 1.26984424897183 0 0 
y 0 0 0 12.65937612830709 0 
y 0 0 0 0 2.220446049250313e-16 
y 0.1364253911950794 0 0 0 0 
y 0 0.1372382083068804 0 0 0 
y 0 0 1.685645273251259 0 0 
y 0 0 0 319.1160058266594 0 
y 0 0 0 0 2.220446049250313e-16 
y 0.1364253911950794 0 0 0 0 
y 0 0.1372382083068804 0 0 0 
y 0 0 1.685645273251259 0 0 
y 0 0 0 319.1160058266594 0 
y 0 0 0 0 2.220446049250313e-16 
y 0.1265265516961245 0 0 0 0 
y 0 0.1287957313756131 0 0 0 
y 0 0 0.4346730365130733 0 0 
y 0 0 0 1.478360636317791e-05 0 
y 0 0 0 0 2.220446049250313e-16 
y 0.1529060166723479 0 0 0 0 
y 0 0.1557216984435036 0 0 0 
y 0 0 0.7380177566919831 0 0 
y 0 0 0 1.467385325153056e-05 0 
y 0 0 0 0 2.220446049250313e-16 
y 0.02939029142776408 0 0 0 0 
y 0 0.02992335649794039 0 0 0 
y 0 0 4.044152200974284 0 0 
y 0 0 0 0.5169170536472855 0 
y 0 0 0 0 2.220446049250313e-16 
y 0.07218662932743004 0 0 0 0 
y 0 0.07239009915530208 0 0 0 
y 0 0 2.973956958837525 0 0 
y 0 0 0 1.108642671054278 0 
y 0 0 0 0 2.220446049250313e-16 
y 0.1132413595611942 0 0 0 0 
y 0 0.114352015541223 0 0 0 
y 0 0 0.9161330786808025 0 0 
y 0 0 0 0.002683048550518799 0 
y 0 0 0 0 2.220446049250313e-16 
y 0.1870154422970197 0 0 0 0 
y 0 0.1912596173906904 0 0 0 
y 0 0 3.305317389277964 0 0 
y 0 0 0 12.05582183154496 0 
y 0 0 0 0 2.220446049250313e-16 
y 0.07449550209372841 0 0 0 0 
y 0 0.07491987746289192 0 0 0 
y 0 0 2.198446617425523 0 0 
y 0 0 0 0.007027806085917639 0 
y 0 0 0 0 2.220446049250313e-16 
y 0.01203103752520711 0 0 0 0 
y 0 0.01280985117151187 0 0 0 
y 0 0 4.781833147146221 0 0 
y 0 0 0 0.001219633026378207 0 
y 0 0 0 0 2.220446049250313e-16 
y 0.0109044230361296 0 0 0 0 
y 0 0.01250407113185709 0 0 0 
y 0 0 0.6550286410196341 0 0 
y 0 0 0 142.2704767947967 0 
y 0 0 0 0 2.220446049250313e-16 
y 0.05341050103626163 0 0 0 0 
y 0 0.05456686470365775 0 0 0 
y 0 0 1.283983930908716 0 0 
y 0 0 0 280.1757509884872 0 
y 0 0 0 0 2.220446049250313e-16 
y 0.05225663947448389 0 0 0 0 
y 0 0.05226170030757968 0 0 0 
y 0 0 2.143274689100912 0 0 
y 0 0 0 1.71941925784037 0 
y 0 0 0 0 2.220446049250313e-16 
y 0.01127841395125263 0 0 0 0 
y 0 0.01127857921875185 0 0 0 
y 0 0 2.9013715294666 0 0 
y 0 0 0 0.8773153397594236 0 
y 0 0 0 0 2.220446049250313e-16 
y 0.02285390406850456 0 0 0 0 
y 0 0.02299770729073054 0 0 0 
y 0 0 3.424840862832674 0 0 
y 0 0 0 2.181085926524494 0 
y 0 0 0 0 2.220446049250313e-16 
y 0.05565815507307632 0 0 0 0 
y 0 0.05571476569101614 0 0 0 
y 0 0 0.2088580276254275 0 0 
y 0 0 0 1.488821451209234 0 
y 0 0 0 0 2.220446049250313e-16 
y 0.09939979320798831 0 0 0 0 
y 0 0.1008938191453493 0 0 0 
y 0 0 0.4107651570794889 0 0 
y 0 0 0 0.0004802322698422365 0 
y 0 0 0 0 2.220446049250313e-16 
y 0.1218143678340248 0 0 0 0 
y 0 0.1236867728079074 0 0 0 
y 0 0 0.5188368608107442 0 0 
y 0 0 0 0.002166812781614689 0 
y 0 0 0 0 2.220446049250313e-16 
y 0.1577004546259451 0 0 0 0 
y 0 0.1608056211471557 0 0 0 
y 0 0 0.3596898884818071 0 0 
y 0 0 0 0.001897170470277186 0 
y 0 0 0 0 2.220446049250313e-16 
y 0.1330341054932879 0 0 0 0 
y 0 0.1354504853439415 0 0 0 
y 0 0 0.210224653275238 0 0 
y 0 0 0 0.002732149670929152 0 
y 0 0 0 0 2.220446049250313e-16 
y 0.01377841313040431 0 0 0 0 
y 0 0.01395525074079408 0 0 0 
y 0 0 0.1640661675913085 0 0 
y 0 0 0 0.003407408142552435 0 
y 0 0 0 0 2.220446049250313e-16 
y 0.1610010264576857 0 0 0 0 
y 0 0.1628429290091044 0 0 0 
y 0 0 2.982230266772385 0 0 
y 0 0 0 0.01440715559220688 0 
y 0 0 0 0 2.220446049250313e-16 
n 
n 
n 
n 
n 
n 
n 
n 
n 
n 
