17 2 8
y 0.3138534002833611 0.9761175686781681 0.2287198305130005 1.220624721851624 0.06037639477341497 0.2935243460593071 0.518444151318239 0.447073677225226 
y 0.2813837860590229 1.056345586008295 0.2287198305130005 1.303481044058346 0.09407817306276849 0.355587224680833 0.6521103097230602 0.4373881021415752 
y 0.7308855666327723 1.011086175859589 0.02877497673034668 0.9184759407313828 0.006738756615524516 0.2994541280662891 0.5781500266999313 0.04819759643569435 
y 0.8385963439941406 1.005533218383789 0.02877497673034668 0.8756754994392395 0.008000276982784271 0.3733066916465759 0.516577422618866 0.04768624901771545 
y 0.8394143786651409 1.288467237754636 0.02031159400939941 0.9764156993519655 0.0002454897416859637 0.1114138132886381 0.08756699023262554 0.03033485184228315 
y 0.4423208236694336 1.815598011016846 0.02031159400939941 1.331828832626343 0.0001072833401849493 0.06199753284454346 0.05904650688171387 0.0302799716591835 
y 0.5891326674264067 1.534808691424391 0.08578056097030644 1.210705597714883 0.005217519068406073 0.2225311287568866 0.2238781374896211 0.1618971302962831 
y 0.6534557170123763 0.5503189342857895 0.08578056097030644 0.6902589851253532 0.004861829552739752 0.2232918003094006 0.2181826190334533 0.1592181306085601 
y 0.3697838479669103 0.7796250229082841 0.2453871965408327 0.9571926190268041 0.01713034910707725 0.2448124165021851 0.2332044537805971 0.4831921834237886 
y 0.2988982541415256 1.063191888526964 0.2453871965408325 1.194704388873431 0.006014627207226774 0.1448330749673635 0.147838927427458 0.4784030264524438 
y 0.6324334379652856 1.440948721388696 0.1453601121902466 1.144092129989409 0.03280043473440997 0.3976405137021777 0.3517406129501235 0.2820626728131738 
y 0.6324334379652856 1.440948721388696 0.1453601121902466 1.144092129989409 0.03280043473440997 0.3976405137021777 0.3517406129501235 0.2820626728131738 
y 0.7566766860545728 1.062764746693709 0.0085601806640625 0.898419268561397 1.170764667131543e-05 0.1286517785388277 0.1308823780273081 0.008104472219420901 
y 0.7712677876585772 1.095596979400478 0.008560180664062498 0.9243042531387331 7.996801296464542e-06 0.1167607426603812 0.1301271956176309 0.006121946118806659 
y 0.7308502389701177 0.8740531971375362 0.03500008583068848 0.7887922543836646 0.002378027640391874 0.2509703058500144 0.2500836419776181 0.06043086967430821 
y 0.8184607264172035 0.4102963506146041 0.0350000858306885 0.4418534225076409 0.001939415103016651 0.1723344395974348 0.234003574472214 0.06009651308550612 
y 0.6653658231631304 0.5034323524472318 0.182340979576111 0.6701335211659006 0.008247117202466703 0.1947914537575245 0.1897834781689638 0.3512308815531782 
y 0.581791530976851 1.523412900898976 0.1823409795761109 1.208901954343234 0.007695962211314069 0.18138914468679 0.1773030262045809 0.3574268716114603 
y 0.7211718733574701 0.8134174693786083 0.01467293500900269 0.7626840507739835 0.0001279958964826165 0.1004795531557919 0.1062809161105988 0.01853608586165051 
y 0.7527022170583083 0.9061145666567638 0.01467293500900269 0.8079124236469345 0.000361761495498603 0.1781855459795569 0.1804603425943772 0.01963299467432266 
y 0.3416164158732512 0.8058548035346741 0.2461706399917602 1.070162749581328 0.04840570134020961 0.4906198971166375 0.2543591041776223 0.4841075254969651 
y 0.4166292074280345 1.028850965307987 0.2461706399917603 1.064750529014717 0.03698396669093564 0.5434004514338109 0.1972964465740336 0.4769584467321373 
y 0.4478323246193793 0.4969396320515898 0.09507888555526732 0.8739207846077257 0.002768307701360025 0.1462704957025524 0.1545933367782903 0.1859453393374062 
y 0.5575538729414792 1.458918630353548 0.09507888555526731 1.211590406465235 0.002475539708733925 0.1512607398557383 0.1709088082403806 0.1638402197073325 
y 0.7359638669108908 0.4583951709090991 0.05709373950958253 0.5512494948516825 0.003745321937990106 0.2691907786159916 0.2465209596858906 0.08941666804734422 
y 0.7720701879844141 0.5291561662422873 0.05709373950958253 0.5914425901106001 0.00656263697341847 0.2875026844607121 0.3077272884901445 0.1187492651052531 
y 0.7923840904699153 0.9313073113060915 0.01156419515609741 0.849804824794426 6.620203021942757e-05 0.0932061964650487 0.09418766836644032 0.01276285158010398 
y 0.8121051764443393 0.8441156690404026 0.01156419515609741 0.7909442411311013 0.0001626381999431817 0.1430243792379816 0.1433186991268229 0.01404132107546953 
y 0.9367426624179896 1.00502647269747 0.0109039545059204 0.759313655366336 0.0001218478346674453 0.1466580574974116 0.1244426126001388 0.01087903051403397 
y 1.015550395895435 1.27785527883166 0.0109039545059204 0.8890758243770269 0.0001691890351690559 0.1556096937020421 0.1575148320484678 0.01376246121964653 
y 0.8361392978470908 0.8285817278683723 0.03159254789352417 0.7088898889102037 0.0003958711820305421 0.1416046844334443 0.1268551124594494 0.05320595733167219 
y 0.8109837807952298 0.5699216535151854 0.03159254789352416 0.6092496978010939 0.0005550038504855493 0.1696838219406974 0.1598041394000654 0.0550685168790237 
y 0.665632676997035 0.9981236945223922 0.09034270048141477 0.8840772384290034 0.004809602481223967 0.2099347551128385 0.1579632570476739 0.1793931811355855 
y 0.6577478973785942 0.900434748209207 0.09034270048141475 0.8590395728569628 0.002119439319046408 0.1498732929627913 0.1081458506113843 0.1678389217572115 
