17 2 8
y 0.006048492321195506 0 0 0 0 0 0 0 
y 0 0.1055742978571 0 0 0 0 0 0 
y 0 0 2.220446049250313e-16 0 0 0 0 0 
y 0 0 0 0.03286975132134669 0 0 0 0 
y 0 0 0 0 0.001065055963530927 0 0 0 
y 0 0 0 0 0 0.009233938461146814 0 0 
y 0 0 0 0 0 0 0.03309300026753473 0 
y 0 0 0 0 0 0 0 0.006266794749263031 
y 7.912860063101395e-05 0 0 0 0 0 0 0 
y 0 0.0327720312615366 0 0 0 0 0 0 
y 0 0 2.220446049250313e-16 0 0 0 0 0 
y 0 0 0 0.001937436280283728 0 0 0 0 
y 0 0 0 0 0.0001984060450601794 0 0 0 
y 0 0 0 0 0 0.0002250282463477201 0 0 
y 0 0 0 0 0 0 0.002741227294763931 0 
y 0 0 0 0 0 0 0 1.124126686241539e-08 
y 0.008111372596190294 0 0 0 0 0 0 0 
y 0 0.09151166668802152 0 0 0 0 0 0 
y 0 0 2.220446049250313e-16 0 0 0 0 0 
y 0 0 0 0.02979284221929755 0 0 0 0 
y 0 0 0 0 1.253782942441971e-05 0 0 0 
y 0 0 0 0 0 0.008014930305921458 0 0 
y 0 0 0 0 0 0 0.03643123956768658 0 
y 0 0 0 0 0 0 0 6.874281462215978e-05 
y 2.220446049250313e-16 0 0 0 0 0 0 0 
y 0 2.220446049250313e-16 0 0 0 0 0 0 
y 0 0 2.220446049250313e-16 0 0 0 0 0 
y 0 0 0 2.220446049250313e-16 0 0 0 0 
y 0 0 0 0 2.220446049250313e-16 0 0 0 
y 0 0 0 0 0 2.220446049250313e-16 0 0 
y 0 0 0 0 0 0 2.220446049250313e-16 0 
y 0 0 0 0 0 0 0 2.220446049250313e-16 
y 0.03987552856633237 0 0 0 0 0 0 0 
y 0 0.1053924426488178 0 0 0 0 0 0 
y 0 0 2.220446049250313e-16 0 0 0 0 0 
y 0 0 0 0.03641069411673059 0 0 0 0 
y 0 0 0 0 1.643195449555477e-08 0 0 0 
y 0 0 0 0 0 0.0012561399584943 0 0 
y 0 0 0 0 0 0 0.0007705968642035193 0 
y 0 0 0 0 0 0 0 2.749537887004481e-05 
y 2.220446049250313e-16 0 0 0 0 0 0 0 
y 0 2.220446049250313e-16 0 0 0 0 0 0 
y 0 0 2.220446049250313e-16 0 0 0 0 0 
y 0 0 0 2.220446049250313e-16 0 0 0 0 
y 0 0 0 0 2.220446049250313e-16 0 0 0 
y 0 0 0 0 0 2.220446049250313e-16 0 0 
y 0 0 0 0 0 0 2.220446049250313e-16 0 
y 0 0 0 0 0 0 0 2.220446049250313e-16 
y 0.07889317101677877 0 0 0 0 0 0 0 
y 0 0.03934894176218018 0 0 0 0 0 0 
y 0 0 2.220446049250313e-16 0 0 0 0 0 
y 0 0 0 0.02590697565706132 0 0 0 0 
y 0 0 0 0 8.359790526219972e-06 0 0 0 
y 0 0 0 0 0 0.004877850143222208 0 0 
y 0 0 0 0 0 0 0.004708974532512041 0 
y 0 0 0 0 0 0 0 0.0007943828045688182 
y 0.06916062530573031 0 0 0 0 0 0 0 
y 0 0.08827562881452905 0 0 0 0 0 0 
y 0 0 2.220446049250313e-16 0 0 0 0 0 
y 0 0 0 0.07208557628384731 0 0 0 0 
y 0 0 0 0 5.539405644723772e-06 0 0 0 
y 0 0 0 0 0 0.004522848958295322 0 0 
y 0 0 0 0 0 0 0.004378093893484141 0 
y 0 0 0 0 0 0 0 0.0007790051558675894 
y 0.01831601597967759 0 0 0 0 0 0 0 
y 0 0.3445458505044028 0 0 0 0 0 0 
y 0 0 2.220446049250313e-16 0 0 0 0 0 
y 0 0 0 0.1238347915855816 0 0 0 0 
y 0 0 0 0 2.703013941646175e-05 0 0 0 
y 0 0 0 0 0 0.002128987643666599 0 0 
y 0 0 0 0 0 0 0.002455448141120161 0 
y 0 0 0 0 0 0 0 0.005773807979207857 
y 0.007236017823775663 0 0 0 0 0 0 0 
y 0 0.3792300072444885 0 0 0 0 0 0 
y 0 0 2.220446049250313e-16 0 0 0 0 0 
y 0 0 0 0.05752571934915118 0 0 0 0 
y 0 0 0 0 3.778240320181868e-06 0 0 0 
y 0 0 0 0 0 0.0008956680644682967 0 0 
y 0 0 0 0 0 0 0.001230074026899763 0 
y 0 0 0 0 0 0 0 0.004295285355172445 
y 0.03491028658880698 0 0 0 0 0 0 0 
y 0 0.06463107837747115 0 0 0 0 0 0 
y 0 0 2.220446049250313e-16 0 0 0 0 0 
y 0 0 0 0.03177533632911327 0 0 0 0 
y 0 0 0 0 0.0002577485521762703 0 0 0 
y 0 0 0 0 0 0.01575027384246713 0 0 
y 0 0 0 0 0 0 0.009885446819521561 0 
y 0 0 0 0 0 0 0 0.002687255348806889 
y 0.03491028658880698 0 0 0 0 0 0 0 
y 0 0.06463107837747115 0 0 0 0 0 0 
y 0 0 2.220446049250313e-16 0 0 0 0 0 
y 0 0 0 0.03177533632911327 0 0 0 0 
y 0 0 0 0 0.0002577485521762703 0 0 0 
y 0 0 0 0 0 0.01575027384246713 0 0 
y 0 0 0 0 0 0 0.009885446819521561 0 
y 0 0 0 0 0 0 0 0.002687255348806889 
y 0.09717324034521435 0 0 0 0 0 0 0 
y 0 0.2592469209503587 0 0 0 0 0 0 
y 0 0 2.220446049250313e-16 0 0 0 0 0 
y 0 0 0 0.1210450104057139 0 0 0 0 
y 0 0 0 0 3.513270307664068e-11 0 0 0 
y 0 0 0 0 0 0.006958309194333074 0 0 
y 0 0 0 0 0 0 0.005698258942016543 0 
y 0 0 0 0 0 0 0 5.426060936478678e-07 
y 0.1001168607936747 0 0 0 0 0 0 0 
y 0 0.213825104478365 0 0 0 0 0 0 
y 0 0 2.220446049250313e-16 0 0 0 0 0 
y 0 0 0 0.1032509056880695 0 0 0 0 
y 0 0 0 0 1.571078896838374e-11 0 0 0 
y 0 0 0 0 0 0.005259755880509243 0 0 
y 0 0 0 0 0 0 0.00700149577061694 0 
y 0 0 0 0 0 0 0 4.488895962384179e-07 
y 0.0643899113064316 0 0 0 0 0 0 0 
y 0 0.3201770025350058 0 0 0 0 0 0 
y 0 0 2.220446049250313e-16 0 0 0 0 0 
y 0 0 0 0.1208898331168337 0 0 0 0 
y 0 0 0 0 1.673203561122418e-06 0 0 0 
y 0 0 0 0 0 0.006744769571603319 0 0 
y 0 0 0 0 0 0 0.006908555061721224 0 
y 0 0 0 0 0 0 0 0.0001097724568573656 
y 0.01885945110919604 0 0 0 0 0 0 0 
y 0 0.04263367885140353 0 0 0 0 0 0 
y 0 0 2.220446049250313e-16 0 0 0 0 0 
y 0 0 0 0.02812496461870994 0 0 0 0 
y 0 0 0 0 1.363673937379664e-07 0 0 0 
y 0 0 0 0 0 0.0005521719691297814 0 0 
y 0 0 0 0 0 0 0.0009472443223652261 0 
y 0 0 0 0 0 0 0 5.40111269509153e-08 
y 0.0702540414174601 0 0 0 0 0 0 0 
y 0 0.04787271447879796 0 0 0 0 0 0 
y 0 0 2.220446049250313e-16 0 0 0 0 0 
y 0 0 0 0.07755957518501849 0 0 0 0 
y 0 0 0 0 1.986031327019739e-05 0 0 0 
y 0 0 0 0 0 0.00289658911672405 0 0 
y 0 0 0 0 0 0 0.003009830358547946 0 
y 0 0 0 0 0 0 0 0.003625457503230145 
y 0.06714849968577101 0 0 0 0 0 0 0 
y 0 0.04489602623362726 0 0 0 0 0 0 
y 0 0 2.220446049250313e-16 0 0 0 0 0 
y 0 0 0 0.02409192144203104 0 0 0 0 
y 0 0 0 0 1.929049642042003e-05 0 0 0 
y 0 0 0 0 0 0.002763319897617136 0 0 
y 0 0 0 0 0 0 0.002945537233174261 0 
y 0 0 0 0 0 0 0 0.003623283214271934 
y 0.06145868193482628 0 0 0 0 0 0 0 
y 0 0.3026290741051753 0 0 0 0 0 0 
y 0 0 2.220446049250313e-16 0 0 0 0 0 
y 0 0 0 0.1446372096716065 0 0 0 0 
y 0 0 0 0 2.134405880108458e-09 0 0 0 
y 0 0 0 0 0 0.0002384395373498899 0 0 
y 0 0 0 0 0 0 0.0008449241342904807 0 
y 0 0 0 0 0 0 0 9.024083890060168e-06 
y 0.07353324046706938 0 0 0 0 0 0 0 
y 0 0.3069717980426444 0 0 0 0 0 0 
y 0 0 2.220446049250313e-16 0 0 0 0 0 
y 0 0 0 0.1224670772930171 0 0 0 0 
y 0 0 0 0 1.429923619263699e-08 0 0 0 
y 0 0 0 0 0 0.002093577863976526 0 0 
y 0 0 0 0 0 0 0.001563018511117774 0 
y 0 0 0 0 0 0 0 1.002458056537821e-05 
y 0.01051779286829482 0 0 0 0 0 0 0 
y 0 0.246031490744888 0 0 0 0 0 0 
y 0 0 2.220446049250313e-16 0 0 0 0 0 
y 0 0 0 0.06114985246258683 0 0 0 0 
y 0 0 0 0 0.000533833744299608 0 0 0 
y 0 0 0 0 0 0.02504527225757685 0 0 
y 0 0 0 0 0 0 0.005078276576986612 0 
y 0 0 0 0 0 0 0 0.007424480086067989 
y 0.002584984890557047 0 0 0 0 0 0 0 
y 0 0.3116659507674629 0 0 0 0 0 0 
y 0 0 2.220446049250313e-16 0 0 0 0 0 
y 0 0 0 0.07982231480953975 0 0 0 0 
y 0 0 0 0 2.682634715862294e-05 0 0 0 
y 0 0 0 0 0 0.001536342221172247 0 0 
y 0 0 0 0 0 0 0.0002850737683295404 0 
y 0 0 0 0 0 0 0 1.507814117523864e-06 
y 0.08699827727764936 0 0 0 0 0 0 0 
y 0 0.04580522981171568 0 0 0 0 0 0 
y 0 0 2.220446049250313e-16 0 0 0 0 0 
y 0 0 0 0.07913654603207508 0 0 0 0 
y 0 0 0 0 2.383984793181375e-06 0 0 0 
y 0 0 0 0 0 0.00297530972766632 0 0 
y 0 0 0 0 0 0 0.002461264882540786 0 
y 0 0 0 0 0 0 0 0.001032600373323334 
y 0.0894598048130833 0 0 0 0 0 0 0 
y 0 0.04039926802761955 0 0 0 0 0 0 
y 0 0 2.220446049250313e-16 0 0 0 0 0 
y 0 0 0 0.03309672476514563 0 0 0 0 
y 0 0 0 0 9.143123622272601e-07 0 0 0 
y 0 0 0 0 0 0.001544379520505412 0 0 
y 0 0 0 0 0 0 0.0012665721406493 0 
y 0 0 0 0 0 0 0 0.000841338138665938 
y 0.0337421040165946 0 0 0 0 0 0 0 
y 0 0.04593080276383597 0 0 0 0 0 0 
y 0 0 2.220446049250313e-16 0 0 0 0 0 
y 0 0 0 0.03827566875255849 0 0 0 0 
y 0 0 0 0 3.365096816025013e-06 0 0 0 
y 0 0 0 0 0 0.006362690120832663 0 0 
y 0 0 0 0 0 0 0.006262187120526447 0 
y 0 0 0 0 0 0 0 5.625316522598625e-05 
y 0.02232805661735998 0 0 0 0 0 0 0 
y 0 0.04133646602098476 0 0 0 0 0 0 
y 0 0 2.220446049250313e-16 0 0 0 0 0 
y 0 0 0 0.02907327548418209 0 0 0 0 
y 0 0 0 0 7.886343739363794e-06 0 0 0 
y 0 0 0 0 0 0.007125566668427143 0 0 
y 0 0 0 0 0 0 0.004923585277379603 0 
y 0 0 0 0 0 0 0 5.637894166890105e-05 
y 0.08454235214726039 0 0 0 0 0 0 0 
y 0 0.181147083847076 0 0 0 0 0 0 
y 0 0 2.220446049250313e-16 0 0 0 0 0 
y 0 0 0 0.09867627938670026 0 0 0 0 
y 0 0 0 0 3.476519750669062e-10 0 0 0 
y 0 0 0 0 0 0.0004107978779661989 0 0 
y 0 0 0 0 0 0 0.0006237671640494541 0 
y 0 0 0 0 0 0 0 4.158485577729847e-06 
y 0.09583809297218877 0 0 0 0 0 0 0 
y 0 0.1408684083575508 0 0 0 0 0 0 
y 0 0 2.220446049250313e-16 0 0 0 0 0 
y 0 0 0 0.1019094356113562 0 0 0 0 
y 0 0 0 0 2.747661808088633e-09 0 0 0 
y 0 0 0 0 0 0.0004394993274240998 0 0 
y 0 0 0 0 0 0 0.0004858560902574612 0 
y 0 0 0 0 0 0 0 3.71724374302052e-06 
y 0.01901981548879541 0 0 0 0 0 0 0 
y 0 0.2476393945087724 0 0 0 0 0 0 
y 0 0 2.220446049250313e-16 0 0 0 0 0 
y 0 0 0 0.07864433853817711 0 0 0 0 
y 0 0 0 0 3.848383465669457e-09 0 0 0 
y 0 0 0 0 0 0.002786613033531852 0 0 
y 0 0 0 0 0 0 0.002076908010024895 0 
y 0 0 0 0 0 0 0 2.458439585378447e-06 
y 0.005827258185603234 0 0 0 0 0 0 0 
y 0 0.06406303253529999 0 0 0 0 0 0 
y 0 0 2.220446049250313e-16 0 0 0 0 0 
y 0 0 0 0.01004783370233651 0 0 0 0 
y 0 0 0 0 6.236004158003415e-09 0 0 0 
y 0 0 0 0 0 0.002402865790179101 0 0 
y 0 0 0 0 0 0 0.001799830814642812 0 
y 0 0 0 0 0 0 0 9.659164613333511e-07 
y 0.06709338337203917 0 0 0 0 0 0 0 
y 0 0.3047223863008721 0 0 0 0 0 0 
y 0 0 2.220446049250313e-16 0 0 0 0 0 
y 0 0 0 0.1322831350390572 0 0 0 0 
y 0 0 0 0 4.673937920540021e-08 0 0 0 
y 0 0 0 0 0 0.003979392724787761 0 0 
y 0 0 0 0 0 0 0.003336077100125438 0 
y 0 0 0 0 0 0 0 9.249412830752801e-05 
y 0.01142835070373722 0 0 0 0 0 0 0 
y 0 0.01640175336019467 0 0 0 0 0 0 
y 0 0 2.220446049250313e-16 0 0 0 0 0 
y 0 0 0 0.01285570581235179 0 0 0 0 
y 0 0 0 0 6.114017280769817e-08 0 0 0 
y 0 0 0 0 0 0.002218097125817455 0 0 
y 0 0 0 0 0 0 0.004267312901770895 0 
y 0 0 0 0 0 0 0 6.001839170372361e-08 
y 0.05221581106995587 0 0 0 0 0 0 0 
y 0 0.3500167193742698 0 0 0 0 0 0 
y 0 0 2.220446049250313e-16 0 0 0 0 0 
y 0 0 0 0.1192756747219957 0 0 0 0 
y 0 0 0 0 1.447269046237203e-06 0 0 0 
y 0 0 0 0 0 0.00126784935789555 0 0 
y 0 0 0 0 0 0 0.0006710698502336108 0 
y 0 0 0 0 0 0 0 0.0008572177971738819 
y 0.06995480780400626 0 0 0 0 0 0 0 
y 0 0.2972932359934858 0 0 0 0 0 0 
y 0 0 2.220446049250313e-16 0 0 0 0 0 
y 0 0 0 0.1492417657139129 0 0 0 0 
y 0 0 0 0 5.881368535071743e-07 0 0 0 
y 0 0 0 0 0 0.002403457538281627 0 0 
y 0 0 0 0 0 0 0.00118083656061444 0 
y 0 0 0 0 0 0 0 0.0008614037173536862 
